20
44

c = [ 2, 1, 3 ]

[  ]
[ 1 ]
[ 2 ]
[ 2, 1 ]
[ 2, 1, 2 ]
[ 2, 3 ]
[ 2, 1, 3 ]
[ 2, 1, 3, 2 ]
[ 2, 1, 3, 2, 3 ]
[ 1, 2, 1, 3, 2, 1, 3, 2, 3 ]
[ 2, 1, 3, 2, 1, 3, 2, 3 ]
[ 2, 1, 3, 2, 1, 2 ]
[ 3 ]
[ 1, 3 ]
[ 3, 2, 3 ]
[ 1, 2, 1, 3, 2, 1, 3, 2 ]
[ 2, 1, 3, 2, 1, 3, 2 ]
[ 2, 1, 3, 2, 1, 3 ]
[ 2, 1, 3, 2, 1 ]
[ 1, 2, 1, 2 ]

c = [ 1, 3, 2 ]

[  ]
[ 1 ]
[ 1, 2 ]
[ 2 ]
[ 1, 2, 1, 3, 2, 1, 3, 2, 3 ]
[ 1, 2, 1, 3, 2, 1, 2, 3 ]
[ 1, 3, 2, 1, 3, 2, 3 ]
[ 1, 3, 2, 1, 2 ]
[ 1, 2, 1, 3, 2, 1, 2 ]
[ 1, 3, 2, 1, 3, 2 ]
[ 1, 3, 2, 1, 3 ]
[ 1, 3, 2, 1 ]
[ 3 ]
[ 1, 3 ]
[ 1, 3, 2 ]
[ 1, 3, 2, 3 ]
[ 3, 2 ]
[ 3, 2, 3 ]
[ 1, 2, 1, 2 ]
[ 1, 2, 1 ]

c = [ 1, 2, 3 ]

[  ]
[ 1 ]
[ 1, 2 ]
[ 1, 2, 3 ]
[ 2 ]
[ 2, 3 ]
[ 1, 2, 1, 3, 2, 1, 3, 2, 3 ]
[ 1, 2, 1, 3, 2, 1, 2 ]
[ 3 ]
[ 1, 3 ]
[ 1, 3, 2, 3 ]
[ 3, 2, 3 ]
[ 1, 2, 1, 3, 2, 1, 3, 2 ]
[ 1, 2, 1, 3, 2, 1, 3 ]
[ 1, 2, 1, 3, 2, 3 ]
[ 1, 2, 1, 2 ]
[ 1, 2, 1, 3, 2, 1 ]
[ 1, 2, 1, 3, 2 ]
[ 1, 2, 1, 3 ]
[ 1, 2, 1 ]

c = [ 3, 2, 1 ]

[  ]
[ 1 ]
[ 2 ]
[ 2, 1 ]
[ 2, 1, 2 ]
[ 1, 2, 1, 3, 2, 1, 3, 2, 3 ]
[ 2, 1, 3, 2, 1, 3, 2, 3 ]
[ 2, 1, 3, 2, 1, 2, 3 ]
[ 2, 1, 3, 2, 1, 2 ]
[ 1, 3, 2, 1, 2 ]
[ 3 ]
[ 1, 3 ]
[ 3, 2 ]
[ 3, 2, 1 ]
[ 3, 2, 1, 2 ]
[ 3, 2, 3 ]
[ 3, 2, 1, 3 ]
[ 3, 2, 1, 3, 2 ]
[ 3, 2, 1, 3, 2, 3 ]
[ 1, 2, 1, 2 ]

