Coefficients of X_phi on Y_psi for B2

     |5 311(11) 311 221 11111
______________________________
X2.  |1       0   1   1     1
X11. |0       1   0   0     x
X1.1 |0       0   1   1 x^2+1
X.2  |0       0   0   1     1
X.11 |0       0   0   0     1

Coefficients of X_phi on Y_psi for G2

            |G2 G2(a1)(21) G2(a1) ~A1 A1     1
_______________________________________________
Xphi{1,0}   | 1          0      1   1  1     1
Xphi{1,3}'  | 0          1      0   1  0   x^2
Xphi{2,1}   | 0          0      1   1  1 x^4+1
Xphi{2,2}   | 0          0      0   1  1 x^2+1
Xphi{1,3}'' | 0          0      0   0  1     1
Xphi{1,6}   | 0          0      0   0  0     1

Coefficients of X_phi on Y_psi for B3

      |7 511(11) 511 331(11) 331 322 31111(11) 31111 22111   1111111
_____________________________________________________________________
X3.   |1       0   1       0   1   1         0     1     1         1
X21.  |0       1   0       0   0   x         x     x     x     x^3+x
X2.1  |0       0   1       0   1   1         0 x^2+1 x^2+1 x^4+x^2+1
X.3   |0       0   0       1   0   0         0     0     x         x
X1.2  |0       0   0       0   1   1         0     1 x^2+1 x^4+x^2+1
X11.1 |0       0   0       0   0   1         1     1     1 x^4+x^2+1
X111. |0       0   0       0   0   0         1     0     0       x^2
X1.11 |0       0   0       0   0   0         0     1     1 x^4+x^2+1
X.21  |0       0   0       0   0   0         0     0     1     x^2+1
X.111 |0       0   0       0   0   0         0     0     0         1

Coefficients of X_phi on Y_psi for B4

       |9 711(11) 711 531(11,11) 531(2,11) 531 441 522 51111(11) 51111 333 33111(11) 33111 32211(11) 32211     22221 3111111(11)    3111111    2211111            111111111
____________________________________________________________________________________________________________________________________________________________________________
X4.    |1       0   1          0         0   1   1   1         0     1   1         0     1         0     1         1           0          1          1                    1
X31.   |0       1   0          0         0   0   0   x         x     x   x         0     x       x^2     x         x         x^2      x^3+x      x^3+x            x^5+x^3+x
X3.1   |0       0   1          0         0   1   1   1         0 x^2+1   1         0 x^2+1         0 x^2+1     x^2+1           0  x^4+x^2+1  x^4+x^2+1        x^6+x^4+x^2+1
X.4    |0       0   0          1         0   0   1   0         0     0   0         x     0         0     0       x^2           0          0        x^2                  x^2
X22.   |0       0   0          0         1   0   0   1         1     0   0         0     0         0   x^2       x^2         x^3        x^2        x^2              x^6+x^2
X2.2   |0       0   0          0         0   1   1   1         0     1   1         0 x^2+1         0 x^2+1 x^4+x^2+1           0  x^4+x^2+1 2x^4+x^2+1   x^8+x^6+2x^4+x^2+1
X1.3   |0       0   0          0         0   0   1   0         0     0   1         x     1         0     1     x^2+1           0          1  x^4+x^2+1        x^6+x^4+x^2+1
X21.1  |0       0   0          0         0   0   0   1         1     1   1         0     1         x x^2+1     x^2+1       x^3+x x^4+2x^2+1 x^4+2x^2+1 x^8+2x^6+2x^4+2x^2+1
X211.  |0       0   0          0         0   0   0   0         1     0   0         0     0         x     0         0       x^3+x        x^2        x^2          x^6+x^4+x^2
X2.11  |0       0   0          0         0   0   0   0         0     1   0         0     1         0     1         1           0  x^4+x^2+1  x^4+x^2+1   x^8+x^6+2x^4+x^2+1
X11.2  |0       0   0          0         0   0   0   0         0     0   1         0     1         x     1         1           x      x^2+1  x^4+x^2+1   x^8+x^6+2x^4+x^2+1
X.31   |0       0   0          0         0   0   0   0         0     0   0         1     0         0     0         x           0          0      x^3+x            x^5+x^3+x
X1.21  |0       0   0          0         0   0   0   0         0     0   0         0     1         0     1     x^2+1           0      x^2+1 x^4+2x^2+1 x^8+2x^6+2x^4+2x^2+1
X111.1 |0       0   0          0         0   0   0   0         0     0   0         0     0         1     0         0       x^2+1          x          x        x^7+x^5+x^3+x
X11.11 |0       0   0          0         0   0   0   0         0     0   0         0     0         0     1         1           x      x^2+1      x^2+1   x^8+x^6+2x^4+x^2+1
X.22   |0       0   0          0         0   0   0   0         0     0   0         0     0         0     0         1           0          0          1                x^4+1
X1111. |0       0   0          0         0   0   0   0         0     0   0         0     0         0     0         0           1          0          0                  x^3
X1.111 |0       0   0          0         0   0   0   0         0     0   0         0     0         0     0         0           0          1          1        x^6+x^4+x^2+1
X.211  |0       0   0          0         0   0   0   0         0     0   0         0     0         0     0         0           0          0          1            x^4+x^2+1
X.1111 |0       0   0          0         0   0   0   0         0     0   0         0     0         0     0         0           0          0          0                    1

Coefficients of X_phi on Y_psi for D4

       |71 53 5111 44+ 44- 3311(11) 3311 3221 311111 2222+ 2222- 221111        11111111
________________________________________________________________________________________
X.4    | 1  1    1   1   1        0    1    1      1     1     1      1               1
X1.3   | 0  1    1   1   1        x    1    1  x^2+1 x^2+1 x^2+1 2x^2+1      x^4+2x^2+1
X.31   | 0  0    1   0   0        0    1    1  x^2+1     1     1  x^2+1       x^4+x^2+1
X2-    | 0  0    0   1   0        0    1    1      1 x^2+1     1  x^2+1       x^4+x^2+1
X2+    | 0  0    0   0   1        0    1    1      1     1 x^2+1  x^2+1       x^4+x^2+1
X11.2  | 0  0    0   0   0        1    0    0      x     x     x x^3+2x    2x^5+2x^3+2x
X1.21  | 0  0    0   0   0        0    1    1  x^2+1 x^2+1 x^2+1 3x^2+1 x^6+3x^4+3x^2+1
X.22   | 0  0    0   0   0        0    0    1      1     1     1      1           x^4+1
X.211  | 0  0    0   0   0        0    0    0      1     0     0      1       x^4+x^2+1
X11-   | 0  0    0   0   0        0    0    0      0     1     0      1       x^4+x^2+1
X11+   | 0  0    0   0   0        0    0    0      0     0     1      1       x^4+x^2+1
X1.111 | 0  0    0   0   0        0    0    0      0     0     0      1      x^4+2x^2+1
X.1111 | 0  0    0   0   0        0    0    0      0     0     0      0               1


