[b2]
2 3 5 1 4

[g2]
1 6 2 5 3 4

[b3]
7 6 8 10 2 5 3 9 1 4

[b4]
17 14 15 18 20 9 11 8 13 10 19 5 6 16 2 7 3 12 1 4

[d4]
11 10 12 13 6 7 9 5 4 8 2 3 1

[f4]
1 19 8 25 4 22 2 24 15 5 16 10 21 14 9 11 3 17 12 23 7 18 6 20 13

[b5]
33 30 29 31 34 36 25 21 19 22 20 28 26 35 14 13 24 12 16 32 10 17 9 18 11 27 5 8 6 23 2 7 3 15 1 4

[d5]
15 17 18 12 11 13 16 9 7 14 5 6 10 4 8 2 3 1

[b6]
62 58 52 53 59 63 65 54 48 45 47 43 49 46 57 55 64 38 27 42 26 29 51 28 40 61 33 25 34 60 35 30 23 31 24 44 36 56 16 20 15 37 14 22 18 50 8 9 41 11 19 10 21 12 39 5 13 6 32 2 7 3 17 1 4

[d6]
32 33 34 36 37 29 25 26 30 35 23 19 20 24 21 31 15 28 17 16 18 27 9 13 10 22 7 8 12 5 6 14 4 11 2 3 1

[e6]
1 25 15 2 24 11 4 20 6 22 3 23 9 18 5 21 14 13 12 8 17 7 19 10 16

[e7]
1 60 59 2 53 10 5 54 57 4 3 58 40 15 9 56 55 6 45 24 31 35 51 7 12 49 30 37 8 52 13 47 20 38 50 11 46 18 14 48 25 32 43 22 41 16 19 44 42 17 33 26 36 23 21 39 27 34 28 29

[e8]
1 112 4 107 3 110 47 9 106 6 109 67 28 93 8 105 64 12 99 19 88 33 92 11 102 57 41 80 13 100 48 39 79 49 34 86 23 91 63 18 97 59 21 90 20 89 58 37 75 60 29 82 52 26 85 50 43 70 51 53 69 30 78 36 74 42 71 2 111 14 94 5 108 7 104 54 17 101 22 98 10 103 62 27 81 15 95 61 25 84 32 83 16 96 44 65 38 76 55 24 87 35 73 56 31 77 46 68 40 72 45 66
