1,0,1,1,1
0,1,0,0,1
0,0,1,1,2
0,0,0,1,1
0,0,0,0,1

1,0,1,1,1,1
0,1,0,1,0,1
0,0,1,1,1,2
0,0,0,1,1,2
0,0,0,0,1,1
0,0,0,0,0,1

1,0,1,0,1,1,0,1,1,1
0,1,0,0,0,1,1,1,1,2
0,0,1,0,1,1,0,2,2,3
0,0,0,1,0,0,0,0,1,1
0,0,0,0,1,1,0,1,2,3
0,0,0,0,0,1,1,1,1,3
0,0,0,0,0,0,1,0,0,1
0,0,0,0,0,0,0,1,1,3
0,0,0,0,0,0,0,0,1,2
0,0,0,0,0,0,0,0,0,1

1,0,1,0,0,1,1,1,0,1,1,0,1,0,1,1,0,1,1,1
0,1,0,0,0,0,0,1,1,1,1,0,1,1,1,1,1,2,2,3
0,0,1,0,0,1,1,1,0,2,1,0,2,0,2,2,0,3,3,4
0,0,0,1,0,0,1,0,0,0,0,1,0,0,0,1,0,0,1,1
0,0,0,0,1,0,0,1,1,0,0,0,0,0,1,1,1,1,1,2
0,0,0,0,0,1,1,1,0,1,1,0,2,0,2,3,0,3,4,6
0,0,0,0,0,0,1,0,0,0,1,1,1,0,1,2,0,1,3,4
0,0,0,0,0,0,0,1,1,1,1,0,1,1,2,2,2,4,4,8
0,0,0,0,0,0,0,0,1,0,0,0,0,1,0,0,2,1,1,3
0,0,0,0,0,0,0,0,0,1,0,0,1,0,1,1,0,3,3,6
0,0,0,0,0,0,0,0,0,0,1,0,1,1,1,1,1,2,3,6
0,0,0,0,0,0,0,0,0,0,0,1,0,0,0,1,0,0,2,3
0,0,0,0,0,0,0,0,0,0,0,0,1,0,1,2,0,2,4,8
0,0,0,0,0,0,0,0,0,0,0,0,0,1,0,0,2,1,1,4
0,0,0,0,0,0,0,0,0,0,0,0,0,0,1,1,1,2,2,6
0,0,0,0,0,0,0,0,0,0,0,0,0,0,0,1,0,0,1,2
0,0,0,0,0,0,0,0,0,0,0,0,0,0,0,0,1,0,0,1
0,0,0,0,0,0,0,0,0,0,0,0,0,0,0,0,0,1,1,4
0,0,0,0,0,0,0,0,0,0,0,0,0,0,0,0,0,0,1,3
0,0,0,0,0,0,0,0,0,0,0,0,0,0,0,0,0,0,0,1

1,1,1,1,1,0,1,1,1,1,1,1,1
0,1,1,1,1,1,1,1,2,2,2,3,4
0,0,1,0,0,0,1,1,2,1,1,2,3
0,0,0,1,0,0,1,1,1,2,1,2,3
0,0,0,0,1,0,1,1,1,1,2,2,3
0,0,0,0,0,1,0,0,1,1,1,3,6
0,0,0,0,0,0,1,1,2,2,2,4,8
0,0,0,0,0,0,0,1,1,1,1,1,2
0,0,0,0,0,0,0,0,1,0,0,1,3
0,0,0,0,0,0,0,0,0,1,0,1,3
0,0,0,0,0,0,0,0,0,0,1,1,3
0,0,0,0,0,0,0,0,0,0,0,1,4
0,0,0,0,0,0,0,0,0,0,0,0,1

1,0,1,0,1,1,1,0,0,0,1,0,1,1,0,1,1,1,0,1,1,0,1,1,1
0,1,0,0,0,1,0,0,0,1,0,1,1,1,1,0,0,2,0,0,1,1,1,1,2
0,0,1,0,1,1,1,0,1,0,1,0,2,1,0,2,1,2,0,2,2,0,3,3,4
0,0,0,1,0,0,1,0,0,0,0,0,0,0,0,1,1,0,1,1,1,0,1,2,2
0,0,0,0,1,1,1,0,0,0,1,0,2,2,1,2,2,3,0,3,4,1,5,6,9
0,0,0,0,0,1,0,0,0,1,1,1,2,2,1,1,1,4,0,1,3,2,4,4,8
0,0,0,0,0,0,1,0,0,0,1,0,1,1,0,2,2,1,1,3,3,0,4,6,8
0,0,0,0,0,0,0,1,0,0,0,1,0,0,0,0,0,1,0,0,0,1,0,0,1
0,0,0,0,0,0,0,0,1,0,0,0,1,0,0,1,0,1,0,1,1,0,3,3,6
0,0,0,0,0,0,0,0,0,1,0,1,1,1,1,0,0,3,0,0,2,3,3,3,9
0,0,0,0,0,0,0,0,0,0,1,0,1,1,0,1,1,2,0,2,3,1,5,6,12
0,0,0,0,0,0,0,0,0,0,0,1,0,1,0,0,0,2,0,0,1,2,1,1,4
0,0,0,0,0,0,0,0,0,0,0,0,1,1,1,1,1,2,0,2,4,2,6,8,16
0,0,0,0,0,0,0,0,0,0,0,0,0,1,0,0,1,1,0,1,2,1,2,3,6
0,0,0,0,0,0,0,0,0,0,0,0,0,0,1,0,0,0,0,0,1,1,1,2,4
0,0,0,0,0,0,0,0,0,0,0,0,0,0,0,1,1,0,1,2,2,0,3,6,9
0,0,0,0,0,0,0,0,0,0,0,0,0,0,0,0,1,0,1,1,1,0,1,3,4
0,0,0,0,0,0,0,0,0,0,0,0,0,0,0,0,0,1,0,0,1,2,2,2,8
0,0,0,0,0,0,0,0,0,0,0,0,0,0,0,0,0,0,1,0,0,0,0,1,1
0,0,0,0,0,0,0,0,0,0,0,0,0,0,0,0,0,0,0,1,1,0,2,4,8
0,0,0,0,0,0,0,0,0,0,0,0,0,0,0,0,0,0,0,0,1,1,2,3,9
0,0,0,0,0,0,0,0,0,0,0,0,0,0,0,0,0,0,0,0,0,1,0,0,2
0,0,0,0,0,0,0,0,0,0,0,0,0,0,0,0,0,0,0,0,0,0,1,1,4
0,0,0,0,0,0,0,0,0,0,0,0,0,0,0,0,0,0,0,0,0,0,0,1,2
0,0,0,0,0,0,0,0,0,0,0,0,0,0,0,0,0,0,0,0,0,0,0,0,1
