1,0,1,0,0,1,0,0,1,1,0,1,0,1,0,1,0,0,1,0,0,1,0,0,1,0,1,1,1,1,0,0,0,1,1,0,0,0,1,0,0,1,0,1,0,1,0,1,0,0,1,0,0,1,1,0,1,0,1,0,1,0,1,0,0,0,1,1,0,1,0,0,1,1,1,0,1,0,1,0,1,0,1,0,0,1,1,0,1,0,1,0,1,0,1,1,0,1,0,1,1,0,1,0,1,1,0,1,1,1
0,1,0,0,0,0,0,0,0,1,1,1,0,0,0,1,0,0,1,0,0,1,0,0,1,1,1,1,1,1,0,1,0,1,1,0,1,0,1,0,0,1,1,2,1,1,0,1,0,0,2,0,0,1,2,0,2,1,2,0,1,0,2,0,1,0,2,2,1,2,0,0,2,2,2,0,2,1,2,1,3,1,2,0,0,3,3,1,3,0,2,1,3,0,3,3,1,3,1,4,3,0,4,1,4,4,1,5,5,6
0,0,1,0,0,1,0,0,1,1,0,2,0,1,0,1,0,0,2,0,0,1,0,0,2,0,2,1,1,2,0,0,0,2,1,0,0,0,2,0,0,2,0,3,0,2,0,2,0,0,3,0,0,2,2,0,3,0,3,0,2,0,2,0,0,0,3,2,0,3,0,0,3,3,2,0,3,0,3,0,4,0,3,0,0,4,4,0,4,0,3,0,4,0,4,3,0,4,0,5,4,0,5,0,5,5,0,6,6,7
0,0,0,1,0,0,1,0,0,0,0,0,1,0,0,0,0,1,0,0,0,0,0,1,0,0,0,0,0,1,0,0,0,0,0,0,0,0,0,1,0,0,0,0,0,0,1,0,0,1,0,0,1,0,0,1,0,0,0,1,0,0,0,0,0,0,0,0,0,0,0,1,0,1,0,1,0,0,0,0,0,0,0,0,1,0,1,0,0,1,0,0,0,1,0,0,0,0,0,0,1,1,0,0,0,1,0,0,1,1
0,0,0,0,1,0,0,0,0,1,1,0,0,0,1,0,1,0,0,0,0,0,0,0,0,1,1,0,1,0,1,0,0,1,1,0,0,0,1,0,1,1,2,1,1,1,0,1,1,0,1,1,0,1,3,0,1,2,2,0,1,1,2,1,1,0,2,2,1,2,1,0,2,2,2,0,2,2,3,3,3,1,3,1,0,3,3,3,4,0,3,2,4,0,4,5,2,5,4,6,5,0,6,3,7,7,4,10,10,14
0,0,0,0,0,1,0,0,1,1,0,1,0,1,0,1,0,0,2,0,0,1,0,0,2,0,2,1,1,2,0,0,0,2,1,0,0,0,2,0,0,3,0,3,0,2,0,3,0,0,4,0,0,3,3,0,4,0,4,0,3,0,3,0,0,0,4,3,0,4,0,0,5,5,3,0,5,0,5,0,6,0,5,0,0,7,7,0,7,0,6,0,7,0,8,6,0,8,0,10,9,0,11,0,11,12,0,15,16,21
0,0,0,0,0,0,1,0,0,0,0,0,1,0,0,0,0,1,0,1,0,0,0,2,0,0,0,1,0,2,0,0,0,0,0,1,0,0,0,1,0,0,0,0,0,0,2,0,0,2,0,0,1,0,0,3,0,0,0,1,1,0,0,0,0,0,0,1,0,1,0,2,0,3,1,2,1,0,0,0,0,0,1,0,3,0,4,0,0,2,1,0,1,3,1,1,0,1,0,0,4,4,1,0,1,5,0,1,6,7
0,0,0,0,0,0,0,1,0,0,0,0,0,0,1,0,1,0,0,0,1,0,1,0,0,1,0,0,1,0,1,0,1,0,0,0,0,0,0,0,1,0,1,0,0,1,0,0,2,0,0,0,0,1,2,0,0,2,1,0,1,1,1,1,0,1,1,1,0,1,1,0,1,1,2,0,2,2,2,3,1,1,2,2,0,1,1,3,3,0,2,1,3,0,3,4,2,4,5,4,4,0,4,3,6,6,5,9,9,14
0,0,0,0,0,0,0,0,1,0,0,0,0,1,0,1,0,0,1,0,0,1,0,0,2,0,1,1,1,2,0,0,0,2,1,0,0,0,2,0,0,2,0,1,0,2,0,3,0,0,3,0,0,3,2,0,4,0,3,1,3,0,3,0,0,0,4,3,0,4,0,0,5,6,4,1,6,0,5,0,4,0,6,0,0,7,8,0,7,1,7,0,8,1,10,7,0,10,0,10,13,1,14,0,14,18,0,20,25,35
0,0,0,0,0,0,0,0,0,1,1,1,0,0,0,1,0,0,1,0,0,1,0,0,1,1,2,1,1,1,0,1,0,2,1,0,1,0,2,0,0,2,2,4,1,2,0,2,0,0,4,0,0,2,4,0,4,2,5,0,2,0,4,0,2,0,5,4,2,5,0,0,5,5,4,0,5,2,6,3,9,2,6,0,0,9,9,3,10,0,6,3,10,0,10,9,3,11,4,16,11,0,16,4,17,17,5,25,25,35
0,0,0,0,0,0,0,0,0,0,1,0,0,0,0,0,0,0,0,0,0,0,0,0,0,1,0,0,0,0,0,1,0,0,0,0,1,0,0,0,0,0,2,1,1,0,0,0,0,0,1,0,0,0,1,0,1,2,1,0,0,0,1,0,2,0,1,1,2,1,0,0,1,1,1,0,1,2,1,3,3,2,1,0,0,3,3,3,3,0,1,3,3,0,3,3,3,3,4,6,3,0,6,4,6,6,5,10,10,15
0,0,0,0,0,0,0,0,0,0,0,1,0,0,0,0,0,0,1,0,0,0,0,0,1,0,1,0,0,1,0,0,0,1,0,0,0,0,1,0,0,1,0,3,0,1,0,1,0,0,3,0,0,1,1,0,3,0,3,0,1,0,1,0,0,0,3,1,0,3,0,0,3,3,1,0,3,0,3,0,6,0,3,0,0,6,6,0,6,0,3,0,6,0,6,3,0,6,0,10,6,0,10,0,10,10,0,15,15,21
0,0,0,0,0,0,0,0,0,0,0,0,1,0,0,0,0,0,0,0,0,0,0,1,0,0,0,1,0,2,0,0,0,0,1,1,0,0,1,1,0,0,0,0,0,1,2,1,0,1,0,0,1,1,0,3,1,0,0,1,2,0,1,0,0,0,1,2,0,3,0,2,1,5,2,2,3,0,1,0,0,0,3,0,3,1,7,0,1,3,3,0,4,4,4,3,0,4,0,1,9,6,5,0,5,12,0,6,16,21
0,0,0,0,0,0,0,0,0,0,0,0,0,1,0,0,0,0,0,0,0,1,0,0,1,0,0,1,1,2,0,0,0,1,1,0,0,0,2,0,0,1,0,0,0,2,1,2,0,0,1,0,1,2,1,1,3,0,1,1,3,0,2,0,0,0,3,3,0,4,0,1,3,6,3,2,5,0,3,0,1,0,5,0,1,4,8,0,4,2,6,0,7,3,8,6,0,8,0,5,13,4,11,0,11,18,0,15,25,35
0,0,0,0,0,0,0,0,0,0,0,0,0,0,1,0,1,0,0,0,0,0,0,0,0,1,1,0,1,0,1,0,1,1,1,0,0,0,1,0,1,1,2,1,1,2,0,1,2,0,1,1,0,2,4,0,1,3,4,0,2,2,3,2,1,1,4,3,1,4,2,0,4,4,4,0,5,4,7,6,6,2,7,3,0,6,6,7,11,0,7,4,11,0,11,12,5,15,12,18,15,0,18,9,24,24,15,39,39,63
0,0,0,0,0,0,0,0,0,0,0,0,0,0,0,1,0,0,1,0,0,1,0,0,1,1,1,1,1,1,0,1,0,2,1,0,1,0,2,0,0,2,1,2,1,2,0,2,0,0,4,0,0,3,4,0,4,2,5,0,3,0,5,0,2,0,6,5,2,6,0,0,7,7,6,0,8,3,8,3,9,3,9,0,0,12,12,4,14,0,10,4,15,0,17,15,5,19,6,24,21,0,28,7,31,34,10,50,54,84
0,0,0,0,0,0,0,0,0,0,0,0,0,0,0,0,1,0,0,0,0,0,0,0,0,1,0,0,0,0,1,0,0,0,0,0,0,0,0,0,1,0,2,0,1,0,0,0,2,0,0,1,0,0,2,0,0,3,1,0,0,1,1,2,1,0,1,1,1,1,2,0,1,1,1,0,1,4,2,6,2,2,2,3,0,2,2,7,4,0,2,4,4,0,4,6,5,6,12,8,6,0,8,9,11,11,15,20,20,35
0,0,0,0,0,0,0,0,0,0,0,0,0,0,0,0,0,1,0,0,0,0,0,1,0,0,0,0,0,1,0,0,0,0,0,0,0,0,0,1,0,0,0,0,0,0,1,0,0,2,0,0,1,0,0,2,0,0,0,1,0,0,0,0,0,0,0,0,0,0,0,2,0,2,0,2,0,0,0,0,0,0,0,0,3,0,3,0,0,2,0,0,0,3,0,0,0,0,0,0,3,4,0,0,0,4,0,0,5,6
0,0,0,0,0,0,0,0,0,0,0,0,0,0,0,0,0,0,1,0,0,0,0,0,1,0,1,0,0,1,0,0,0,1,0,0,0,0,1,0,0,2,0,2,0,1,0,2,0,0,4,0,0,2,2,0,4,0,4,0,2,0,2,0,0,0,4,2,0,4,0,0,6,6,2,0,6,0,6,0,8,0,6,0,0,11,11,0,11,0,8,0,11,0,14,8,0,14,0,20,17,0,24,0,24,28,0,40,45,70
0,0,0,0,0,0,0,0,0,0,0,0,0,0,0,0,0,0,0,1,0,0,0,1,0,0,0,1,0,1,0,0,0,0,0,1,0,1,0,0,0,0,0,0,0,0,1,0,0,1,0,0,0,0,0,3,0,0,0,0,1,0,0,0,0,0,0,2,1,2,0,1,0,3,2,1,2,0,0,0,0,1,2,0,3,0,6,0,0,1,2,1,3,3,3,3,1,3,0,0,6,6,4,1,4,10,1,5,15,21
0,0,0,0,0,0,0,0,0,0,0,0,0,0,0,0,0,0,0,0,1,0,1,0,0,0,0,0,1,0,1,0,1,0,0,0,0,0,0,0,1,0,0,0,0,1,0,0,2,0,0,0,0,1,2,0,0,2,1,0,1,1,1,1,0,2,1,1,0,1,1,0,1,1,2,0,3,2,3,3,1,1,3,3,0,1,1,4,5,0,3,1,5,0,5,6,3,7,8,7,7,0,7,5,12,12,10,20,20,35
0,0,0,0,0,0,0,0,0,0,0,0,0,0,0,0,0,0,0,0,0,1,0,0,1,0,0,1,1,1,0,1,0,1,1,0,1,0,2,0,0,1,0,0,1,2,0,2,0,0,2,0,0,2,2,0,4,1,2,0,3,0,4,0,2,0,5,5,2,6,0,0,5,7,6,1,8,2,6,1,3,3,9,0,0,9,12,3,10,1,10,4,15,2,17,15,5,19,4,16,24,3,28,7,31,40,10,50,65,105
0,0,0,0,0,0,0,0,0,0,0,0,0,0,0,0,0,0,0,0,0,0,1,0,0,0,0,0,0,0,1,0,0,0,0,0,0,0,0,0,1,0,0,0,0,0,0,0,2,0,0,0,0,0,1,0,0,2,0,0,0,1,0,1,0,1,0,0,0,0,1,0,0,0,1,0,1,2,1,3,0,1,1,3,0,0,0,4,2,0,1,1,2,0,2,3,3,3,8,3,3,0,3,5,6,6,10,11,11,21
0,0,0,0,0,0,0,0,0,0,0,0,0,0,0,0,0,0,0,0,0,0,0,1,0,0,0,0,0,1,0,0,0,0,0,1,0,0,0,1,0,0,0,0,0,0,2,0,0,2,0,0,1,0,0,4,0,0,0,1,1,0,0,0,0,0,0,1,0,2,0,3,0,5,1,3,2,0,0,0,0,0,2,0,6,0,9,0,0,4,2,0,3,7,3,2,0,3,0,0,11,12,4,0,4,17,0,5,25,35
0,0,0,0,0,0,0,0,0,0,0,0,0,0,0,0,0,0,0,0,0,0,0,0,1,0,0,0,0,1,0,0,0,1,0,0,0,0,1,0,0,1,0,0,0,1,0,2,0,0,2,0,0,2,1,0,4,0,2,1,2,0,2,0,0,0,4,2,0,4,0,0,5,7,3,2,7,0,5,0,3,0,7,0,0,9,12,0,9,2,9,0,12,3,16,9,0,16,0,15,24,4,27,0,27,40,0,45,65,105
0,0,0,0,0,0,0,0,0,0,0,0,0,0,0,0,0,0,0,0,0,0,0,0,0,1,0,0,0,0,0,1,0,0,0,0,1,0,0,0,0,0,2,1,1,0,0,0,0,0,1,0,0,0,2,0,1,3,2,0,0,0,2,0,3,0,2,2,3,2,0,0,2,2,2,0,2,4,3,6,6,4,3,0,0,6,6,7,8,0,3,7,8,0,8,9,8,10,12,18,10,0,18,13,21,21,20,40,40,70
0,0,0,0,0,0,0,0,0,0,0,0,0,0,0,0,0,0,0,0,0,0,0,0,0,0,1,0,0,0,0,0,0,1,0,0,0,0,1,0,0,1,1,2,0,1,0,1,0,0,2,0,0,1,2,0,2,1,4,0,1,0,2,0,1,0,4,2,1,4,0,0,4,4,2,0,4,1,6,3,9,1,6,0,0,9,9,3,12,0,6,3,12,0,12,9,3,15,6,24,15,0,24,6,28,28,10,50,50,84
0,0,0,0,0,0,0,0,0,0,0,0,0,0,0,0,0,0,0,0,0,0,0,0,0,0,0,1,0,1,0,0,0,0,1,1,1,0,1,0,0,0,0,0,1,1,1,1,0,0,0,0,0,1,0,2,2,0,0,0,2,0,2,0,1,0,2,4,2,5,0,1,2,6,4,1,5,1,2,0,0,2,6,0,2,3,11,1,3,2,6,3,10,4,10,9,3,11,1,4,17,8,16,4,17,28,5,25,45,70
0,0,0,0,0,0,0,0,0,0,0,0,0,0,0,0,0,0,0,0,0,0,0,0,0,0,0,0,1,0,1,0,0,1,1,0,0,0,1,0,1,1,0,0,1,2,0,1,1,0,1,1,0,2,3,0,1,2,2,0,2,2,3,2,1,1,4,3,1,4,2,0,4,4,4,0,6,4,7,3,3,2,8,3,0,6,6,7,11,0,9,4,13,0,14,15,6,19,12,18,21,0,23,11,32,35,20,55,60,105
0,0,0,0,0,0,0,0,0,0,0,0,0,0,0,0,0,0,0,0,0,0,0,0,0,0,0,0,0,1,0,0,0,0,0,0,0,0,1,0,0,0,0,0,0,1,1,1,0,0,0,0,1,1,0,2,2,0,0,1,2,0,1,0,0,0,2,2,0,4,0,2,2,7,2,3,5,0,2,0,0,0,5,0,3,3,12,0,3,4,6,0,9,7,10,6,0,10,0,4,21,12,16,0,16,34,0,24,54,84
0,0,0,0,0,0,0,0,0,0,0,0,0,0,0,0,0,0,0,0,0,0,0,0,0,0,0,0,0,0,1,0,0,0,0,0,0,0,0,0,1,0,0,0,1,0,0,0,2,0,0,1,0,0,2,0,0,3,1,0,0,2,1,3,1,1,1,1,1,1,3,0,1,1,2,0,2,6,4,6,2,3,4,6,0,2,2,12,8,0,4,6,8,0,8,12,10,14,24,16,14,0,16,20,28,28,40,56,56,112
0,0,0,0,0,0,0,0,0,0,0,0,0,0,0,0,0,0,0,0,0,0,0,0,0,0,0,0,0,0,0,1,0,0,0,0,1,0,0,0,0,0,0,0,1,0,0,0,0,0,1,0,0,0,1,0,1,2,1,0,0,0,2,0,3,0,2,2,3,2,0,0,2,2,3,0,3,4,3,3,3,5,4,0,0,6,6,7,8,0,4,8,10,0,11,12,11,14,12,18,15,0,24,18,30,33,30,60,66,126
0,0,0,0,0,0,0,0,0,0,0,0,0,0,0,0,0,0,0,0,0,0,0,0,0,0,0,0,0,0,0,0,1,0,0,0,0,0,0,0,0,0,0,0,0,1,0,0,1,0,0,0,0,1,1,0,0,1,2,0,1,1,1,1,0,2,2,1,0,2,1,0,2,2,2,0,4,2,5,3,3,1,5,3,0,3,3,5,10,0,5,2,10,0,10,9,4,15,12,18,15,0,18,9,29,29,20,55,55,105
0,0,0,0,0,0,0,0,0,0,0,0,0,0,0,0,0,0,0,0,0,0,0,0,0,0,0,0,0,0,0,0,0,1,0,0,0,0,1,0,0,1,0,0,0,1,0,1,0,0,2,0,0,2,2,0,2,1,3,0,2,0,3,0,1,0,5,3,1,5,0,0,6,6,4,0,8,2,8,2,6,2,10,0,0,12,12,4,16,0,12,4,19,0,23,18,6,28,8,32,33,0,44,11,53,62,20,100,115,210
0,0,0,0,0,0,0,0,0,0,0,0,0,0,0,0,0,0,0,0,0,0,0,0,0,0,0,0,0,0,0,0,0,0,1,0,0,0,1,0,0,0,0,0,1,1,0,1,0,0,0,1,0,1,0,0,1,0,0,0,1,1,2,1,1,0,2,2,1,3,1,0,2,3,2,0,3,2,3,0,0,1,5,1,0,3,5,3,4,1,5,3,8,1,8,8,3,11,4,6,14,2,14,6,18,23,10,30,40,70
0,0,0,0,0,0,0,0,0,0,0,0,0,0,0,0,0,0,0,0,0,0,0,0,0,0,0,0,0,0,0,0,0,0,0,1,0,0,0,0,0,0,0,0,0,0,1,0,0,0,0,0,0,0,0,2,0,0,0,0,1,0,0,0,0,0,0,2,1,3,0,1,0,4,2,1,3,0,0,0,0,1,4,0,3,0,9,0,0,2,4,2,7,5,7,6,2,8,0,0,15,12,12,3,13,28,4,20,50,84
0,0,0,0,0,0,0,0,0,0,0,0,0,0,0,0,0,0,0,0,0,0,0,0,0,0,0,0,0,0,0,0,0,0,0,0,1,0,0,0,0,0,0,0,1,0,0,0,0,0,0,0,0,0,0,0,1,0,0,0,0,0,1,0,2,0,1,2,3,2,0,0,1,2,2,0,2,2,1,0,0,4,3,0,0,3,6,3,3,0,3,7,8,1,8,9,8,10,4,6,12,3,18,13,21,27,20,40,55,105
0,0,0,0,0,0,0,0,0,0,0,0,0,0,0,0,0,0,0,0,0,0,0,0,0,0,0,0,0,0,0,0,0,0,0,0,0,1,0,0,0,0,0,0,0,0,0,0,0,0,0,0,0,0,0,1,0,0,0,0,0,0,0,0,0,0,0,1,2,1,0,0,0,1,1,0,1,0,0,0,0,2,1,0,1,0,4,0,0,0,1,3,3,1,3,3,3,3,0,0,4,4,6,4,6,10,5,10,20,35
0,0,0,0,0,0,0,0,0,0,0,0,0,0,0,0,0,0,0,0,0,0,0,0,0,0,0,0,0,0,0,0,0,0,0,0,0,0,1,0,0,0,0,0,0,1,0,1,0,0,0,0,0,1,0,0,2,0,0,0,2,0,2,0,1,0,3,3,1,5,0,0,3,6,4,1,7,1,4,0,0,2,9,0,0,6,12,2,7,2,10,4,17,4,19,15,5,23,3,12,33,8,36,9,42,62,15,75,115,210
0,0,0,0,0,0,0,0,0,0,0,0,0,0,0,0,0,0,0,0,0,0,0,0,0,0,0,0,0,0,0,0,0,0,0,0,0,0,0,1,0,0,0,0,0,0,1,0,0,1,0,0,1,0,0,1,0,0,0,1,0,0,0,0,0,0,0,0,0,0,0,2,0,2,0,2,0,0,0,0,0,0,0,0,3,0,3,0,0,3,0,0,0,4,0,0,0,0,0,0,5,6,0,0,0,7,0,0,10,14
0,0,0,0,0,0,0,0,0,0,0,0,0,0,0,0,0,0,0,0,0,0,0,0,0,0,0,0,0,0,0,0,0,0,0,0,0,0,0,0,1,0,0,0,0,0,0,0,1,0,0,1,0,0,1,0,0,1,0,0,0,1,0,1,0,0,0,0,0,0,2,0,0,0,0,0,0,2,1,2,0,0,1,3,0,0,0,4,1,0,1,1,1,0,1,3,2,3,8,2,3,0,2,5,5,5,11,10,10,21
0,0,0,0,0,0,0,0,0,0,0,0,0,0,0,0,0,0,0,0,0,0,0,0,0,0,0,0,0,0,0,0,0,0,0,0,0,0,0,0,0,1,0,0,0,0,0,1,0,0,1,0,0,1,1,0,1,0,1,0,1,0,1,0,0,0,1,1,0,1,0,0,3,3,1,0,3,0,3,0,2,0,3,0,0,5,5,0,5,0,6,0,5,0,9,6,0,9,0,10,14,0,16,0,16,23,0,30,40,70
0,0,0,0,0,0,0,0,0,0,0,0,0,0,0,0,0,0,0,0,0,0,0,0,0,0,0,0,0,0,0,0,0,0,0,0,0,0,0,0,0,0,1,0,0,0,0,0,0,0,0,0,0,0,0,0,0,1,0,0,0,0,0,0,1,0,0,0,1,0,0,0,0,0,0,0,0,1,0,3,1,1,0,0,0,1,1,3,1,0,0,3,1,0,1,1,3,1,6,4,1,0,4,6,4,4,10,10,10,20
0,0,0,0,0,0,0,0,0,0,0,0,0,0,0,0,0,0,0,0,0,0,0,0,0,0,0,0,0,0,0,0,0,0,0,0,0,0,0,0,0,0,0,1,0,0,0,0,0,0,1,0,0,0,0,0,1,0,1,0,0,0,0,0,0,0,1,0,0,1,0,0,1,1,0,0,1,0,1,0,4,0,1,0,0,4,4,0,4,0,1,0,4,0,4,1,0,4,0,10,4,0,10,0,10,10,0,20,20,35
0,0,0,0,0,0,0,0,0,0,0,0,0,0,0,0,0,0,0,0,0,0,0,0,0,0,0,0,0,0,0,0,0,0,0,0,0,0,0,0,0,0,0,0,1,0,0,0,0,0,0,1,0,0,0,0,0,0,0,0,0,1,1,2,1,0,1,1,1,1,2,0,1,1,1,0,1,4,2,0,0,2,3,3,0,2,2,7,4,0,3,5,6,0,6,9,7,11,12,8,12,0,13,15,22,24,30,45,50,105
0,0,0,0,0,0,0,0,0,0,0,0,0,0,0,0,0,0,0,0,0,0,0,0,0,0,0,0,0,0,0,0,0,0,0,0,0,0,0,0,0,0,0,0,0,1,0,0,0,0,0,0,0,1,0,0,0,0,0,0,1,1,1,1,0,1,2,1,0,2,1,0,2,2,2,0,4,2,4,0,0,1,5,2,0,3,3,4,7,0,6,2,10,0,11,10,4,16,8,12,19,0,20,9,31,36,20,60,70,140
0,0,0,0,0,0,0,0,0,0,0,0,0,0,0,0,0,0,0,0,0,0,0,0,0,0,0,0,0,0,0,0,0,0,0,0,0,0,0,0,0,0,0,0,0,0,1,0,0,0,0,0,1,0,0,1,0,0,0,1,1,0,0,0,0,0,0,1,0,1,0,2,0,4,1,3,2,0,0,0,0,0,2,0,3,0,6,0,0,4,3,0,3,7,4,3,0,4,0,0,15,12,6,0,6,24,0,9,39,63
0,0,0,0,0,0,0,0,0,0,0,0,0,0,0,0,0,0,0,0,0,0,0,0,0,0,0,0,0,0,0,0,0,0,0,0,0,0,0,0,0,0,0,0,0,0,0,1,0,0,0,0,0,1,0,0,1,0,0,1,1,0,1,0,0,0,1,1,0,1,0,0,2,4,2,2,4,0,2,0,0,0,4,0,0,3,6,0,3,3,6,0,6,4,10,6,0,10,0,5,21,6,17,0,17,35,0,30,60,105
0,0,0,0,0,0,0,0,0,0,0,0,0,0,0,0,0,0,0,0,0,0,0,0,0,0,0,0,0,0,0,0,0,0,0,0,0,0,0,0,0,0,0,0,0,0,0,0,1,0,0,0,0,0,0,0,0,1,0,0,0,0,0,1,0,0,0,0,0,0,1,0,0,0,0,0,0,2,0,3,0,1,0,3,0,0,0,5,1,0,0,2,1,0,1,2,4,2,12,3,2,0,3,9,6,6,20,15,15,35
0,0,0,0,0,0,0,0,0,0,0,0,0,0,0,0,0,0,0,0,0,0,0,0,0,0,0,0,0,0,0,0,0,0,0,0,0,0,0,0,0,0,0,0,0,0,0,0,0,1,0,0,0,0,0,1,0,0,0,0,0,0,0,0,0,0,0,0,0,0,0,1,0,1,0,1,0,0,0,0,0,0,0,0,3,0,3,0,0,1,0,0,0,3,0,0,0,0,0,0,3,6,0,0,0,6,0,0,10,15
0,0,0,0,0,0,0,0,0,0,0,0,0,0,0,0,0,0,0,0,0,0,0,0,0,0,0,0,0,0,0,0,0,0,0,0,0,0,0,0,0,0,0,0,0,0,0,0,0,0,1,0,0,0,0,0,1,0,1,0,0,0,0,0,0,0,1,0,0,1,0,0,2,2,0,0,2,0,2,0,3,0,2,0,0,6,6,0,6,0,3,0,6,0,9,3,0,9,0,15,12,0,21,0,21,27,0,45,55,105
0,0,0,0,0,0,0,0,0,0,0,0,0,0,0,0,0,0,0,0,0,0,0,0,0,0,0,0,0,0,0,0,0,0,0,0,0,0,0,0,0,0,0,0,0,0,0,0,0,0,0,1,0,0,0,0,0,0,0,0,0,1,0,1,0,0,0,0,0,0,2,0,0,0,0,0,0,2,1,0,0,0,1,3,0,0,0,4,1,0,1,1,1,0,1,3,2,4,8,2,4,0,2,6,7,7,15,15,15,35
0,0,0,0,0,0,0,0,0,0,0,0,0,0,0,0,0,0,0,0,0,0,0,0,0,0,0,0,0,0,0,0,0,0,0,0,0,0,0,0,0,0,0,0,0,0,0,0,0,0,0,0,1,0,0,0,0,0,0,1,0,0,0,0,0,0,0,0,0,0,0,1,0,1,0,2,0,0,0,0,0,0,0,0,1,0,1,0,0,2,0,0,0,3,0,0,0,0,0,0,4,4,0,0,0,6,0,0,9,14
0,0,0,0,0,0,0,0,0,0,0,0,0,0,0,0,0,0,0,0,0,0,0,0,0,0,0,0,0,0,0,0,0,0,0,0,0,0,0,0,0,0,0,0,0,0,0,0,0,0,0,0,0,1,0,0,0,0,0,0,1,0,1,0,0,0,1,1,0,1,0,0,2,2,2,0,4,1,2,0,0,1,4,0,0,3,3,1,4,0,6,1,7,0,11,9,3,13,2,8,19,0,20,5,25,36,10,50,70,140
0,0,0,0,0,0,0,0,0,0,0,0,0,0,0,0,0,0,0,0,0,0,0,0,0,0,0,0,0,0,0,0,0,0,0,0,0,0,0,0,0,0,0,0,0,0,0,0,0,0,0,0,0,0,1,0,0,1,1,0,0,0,1,0,1,0,1,1,1,1,0,0,1,1,1,0,1,2,3,3,3,2,3,0,0,3,3,5,7,0,3,5,7,0,7,9,7,12,12,18,12,0,18,15,27,27,30,60,60,126
0,0,0,0,0,0,0,0,0,0,0,0,0,0,0,0,0,0,0,0,0,0,0,0,0,0,0,0,0,0,0,0,0,0,0,0,0,0,0,0,0,0,0,0,0,0,0,0,0,0,0,0,0,0,0,1,0,0,0,0,0,0,0,0,0,0,0,0,0,1,0,1,0,2,0,1,1,0,0,0,0,0,1,0,3,0,6,0,0,2,1,0,3,5,3,1,0,3,0,0,10,12,6,0,6,21,0,10,40,70
0,0,0,0,0,0,0,0,0,0,0,0,0,0,0,0,0,0,0,0,0,0,0,0,0,0,0,0,0,0,0,0,0,0,0,0,0,0,0,0,0,0,0,0,0,0,0,0,0,0,0,0,0,0,0,0,1,0,0,0,0,0,0,0,0,0,1,0,0,1,0,0,1,2,0,1,2,0,1,0,0,0,2,0,0,3,6,0,3,1,3,0,6,3,8,3,0,8,0,6,15,6,18,0,18,33,0,36,66,126
0,0,0,0,0,0,0,0,0,0,0,0,0,0,0,0,0,0,0,0,0,0,0,0,0,0,0,0,0,0,0,0,0,0,0,0,0,0,0,0,0,0,0,0,0,0,0,0,0,0,0,0,0,0,0,0,0,1,0,0,0,0,0,0,1,0,0,0,1,0,0,0,0,0,0,0,0,2,0,3,1,2,0,0,0,1,1,5,2,0,0,5,2,0,2,3,7,3,12,8,3,0,8,15,11,11,30,30,30,70
0,0,0,0,0,0,0,0,0,0,0,0,0,0,0,0,0,0,0,0,0,0,0,0,0,0,0,0,0,0,0,0,0,0,0,0,0,0,0,0,0,0,0,0,0,0,0,0,0,0,0,0,0,0,0,0,0,0,1,0,0,0,0,0,0,0,1,0,0,1,0,0,1,1,0,0,1,0,2,1,3,0,2,0,0,3,3,1,6,0,2,1,6,0,6,3,1,9,4,16,9,0,16,4,22,22,10,50,50,105
0,0,0,0,0,0,0,0,0,0,0,0,0,0,0,0,0,0,0,0,0,0,0,0,0,0,0,0,0,0,0,0,0,0,0,0,0,0,0,0,0,0,0,0,0,0,0,0,0,0,0,0,0,0,0,0,0,0,0,1,0,0,0,0,0,0,0,0,0,0,0,0,0,1,1,2,1,0,0,0,0,0,1,0,0,0,1,0,0,2,1,0,1,3,2,1,0,2,0,0,7,4,3,0,3,12,0,5,20,35
0,0,0,0,0,0,0,0,0,0,0,0,0,0,0,0,0,0,0,0,0,0,0,0,0,0,0,0,0,0,0,0,0,0,0,0,0,0,0,0,0,0,0,0,0,0,0,0,0,0,0,0,0,0,0,0,0,0,0,0,1,0,0,0,0,0,0,1,0,1,0,0,0,2,2,1,3,0,0,0,0,1,3,0,0,0,3,0,0,1,4,1,5,3,7,6,2,8,0,0,15,6,12,3,14,29,5,25,55,105
0,0,0,0,0,0,0,0,0,0,0,0,0,0,0,0,0,0,0,0,0,0,0,0,0,0,0,0,0,0,0,0,0,0,0,0,0,0,0,0,0,0,0,0,0,0,0,0,0,0,0,0,0,0,0,0,0,0,0,0,0,1,0,1,0,1,0,0,0,0,1,0,0,0,1,0,1,2,2,0,0,1,2,3,0,0,0,5,4,0,2,2,4,0,4,6,5,9,12,8,9,0,8,12,20,20,30,45,45,105
0,0,0,0,0,0,0,0,0,0,0,0,0,0,0,0,0,0,0,0,0,0,0,0,0,0,0,0,0,0,0,0,0,0,0,0,0,0,0,0,0,0,0,0,0,0,0,0,0,0,0,0,0,0,0,0,0,0,0,0,0,0,1,0,1,0,1,1,1,1,0,0,1,1,2,0,2,2,2,0,0,3,4,0,0,3,3,4,5,0,4,6,9,0,10,12,10,16,8,12,18,0,24,20,36,42,40,80,95,210
0,0,0,0,0,0,0,0,0,0,0,0,0,0,0,0,0,0,0,0,0,0,0,0,0,0,0,0,0,0,0,0,0,0,0,0,0,0,0,0,0,0,0,0,0,0,0,0,0,0,0,0,0,0,0,0,0,0,0,0,0,0,0,1,0,0,0,0,0,0,1,0,0,0,0,0,0,2,0,0,0,1,0,3,0,0,0,5,1,0,0,2,1,0,1,3,5,3,12,3,3,0,3,12,9,9,30,24,24,63
0,0,0,0,0,0,0,0,0,0,0,0,0,0,0,0,0,0,0,0,0,0,0,0,0,0,0,0,0,0,0,0,0,0,0,0,0,0,0,0,0,0,0,0,0,0,0,0,0,0,0,0,0,0,0,0,0,0,0,0,0,0,0,0,1,0,0,0,1,0,0,0,0,0,0,0,0,1,0,0,0,2,0,0,0,1,1,3,1,0,0,5,2,0,2,3,7,3,6,4,3,0,8,15,11,12,30,30,34,84
0,0,0,0,0,0,0,0,0,0,0,0,0,0,0,0,0,0,0,0,0,0,0,0,0,0,0,0,0,0,0,0,0,0,0,0,0,0,0,0,0,0,0,0,0,0,0,0,0,0,0,0,0,0,0,0,0,0,0,0,0,0,0,0,0,1,0,0,0,0,0,0,0,0,0,0,1,0,1,0,0,0,1,1,0,0,0,1,3,0,1,0,3,0,3,2,1,5,4,6,5,0,6,3,13,13,10,30,30,70
0,0,0,0,0,0,0,0,0,0,0,0,0,0,0,0,0,0,0,0,0,0,0,0,0,0,0,0,0,0,0,0,0,0,0,0,0,0,0,0,0,0,0,0,0,0,0,0,0,0,0,0,0,0,0,0,0,0,0,0,0,0,0,0,0,0,1,0,0,1,0,0,1,1,0,0,2,0,2,0,0,0,3,0,0,3,3,1,5,0,4,1,8,0,10,6,2,14,3,12,18,0,24,6,33,42,15,75,95,210
0,0,0,0,0,0,0,0,0,0,0,0,0,0,0,0,0,0,0,0,0,0,0,0,0,0,0,0,0,0,0,0,0,0,0,0,0,0,0,0,0,0,0,0,0,0,0,0,0,0,0,0,0,0,0,0,0,0,0,0,0,0,0,0,0,0,0,1,1,1,0,0,0,1,1,0,1,0,0,0,0,2,2,0,0,0,3,0,0,0,2,4,5,1,5,6,5,7,0,0,9,4,12,9,15,22,15,30,50,105
0,0,0,0,0,0,0,0,0,0,0,0,0,0,0,0,0,0,0,0,0,0,0,0,0,0,0,0,0,0,0,0,0,0,0,0,0,0,0,0,0,0,0,0,0,0,0,0,0,0,0,0,0,0,0,0,0,0,0,0,0,0,0,0,0,0,0,0,1,0,0,0,0,0,0,0,0,0,0,0,0,1,0,0,0,0,1,0,0,0,0,3,1,0,1,1,3,1,0,0,1,1,4,6,4,5,10,10,15,35
0,0,0,0,0,0,0,0,0,0,0,0,0,0,0,0,0,0,0,0,0,0,0,0,0,0,0,0,0,0,0,0,0,0,0,0,0,0,0,0,0,0,0,0,0,0,0,0,0,0,0,0,0,0,0,0,0,0,0,0,0,0,0,0,0,0,0,0,0,1,0,0,0,1,0,0,1,0,0,0,0,0,2,0,0,0,3,0,0,1,2,1,5,2,5,3,1,7,0,0,12,6,12,3,15,27,6,30,60,126
0,0,0,0,0,0,0,0,0,0,0,0,0,0,0,0,0,0,0,0,0,0,0,0,0,0,0,0,0,0,0,0,0,0,0,0,0,0,0,0,0,0,0,0,0,0,0,0,0,0,0,0,0,0,0,0,0,0,0,0,0,0,0,0,0,0,0,0,0,0,1,0,0,0,0,0,0,1,0,0,0,0,0,2,0,0,0,2,0,0,0,0,0,0,0,1,1,1,5,0,1,0,0,3,2,2,9,5,5,14
0,0,0,0,0,0,0,0,0,0,0,0,0,0,0,0,0,0,0,0,0,0,0,0,0,0,0,0,0,0,0,0,0,0,0,0,0,0,0,0,0,0,0,0,0,0,0,0,0,0,0,0,0,0,0,0,0,0,0,0,0,0,0,0,0,0,0,0,0,0,0,1,0,1,0,1,0,0,0,0,0,0,0,0,2,0,2,0,0,2,0,0,0,4,0,0,0,0,0,0,6,8,0,0,0,11,0,0,20,35
0,0,0,0,0,0,0,0,0,0,0,0,0,0,0,0,0,0,0,0,0,0,0,0,0,0,0,0,0,0,0,0,0,0,0,0,0,0,0,0,0,0,0,0,0,0,0,0,0,0,0,0,0,0,0,0,0,0,0,0,0,0,0,0,0,0,0,0,0,0,0,0,1,1,0,0,1,0,1,0,0,0,1,0,0,2,2,0,2,0,3,0,2,0,6,3,0,6,0,5,12,0,13,0,13,24,0,30,50,105
0,0,0,0,0,0,0,0,0,0,0,0,0,0,0,0,0,0,0,0,0,0,0,0,0,0,0,0,0,0,0,0,0,0,0,0,0,0,0,0,0,0,0,0,0,0,0,0,0,0,0,0,0,0,0,0,0,0,0,0,0,0,0,0,0,0,0,0,0,0,0,0,0,1,0,1,1,0,0,0,0,0,1,0,0,0,2,0,0,2,2,0,2,4,4,2,0,4,0,0,14,8,8,0,8,28,0,16,56,112
0,0,0,0,0,0,0,0,0,0,0,0,0,0,0,0,0,0,0,0,0,0,0,0,0,0,0,0,0,0,0,0,0,0,0,0,0,0,0,0,0,0,0,0,0,0,0,0,0,0,0,0,0,0,0,0,0,0,0,0,0,0,0,0,0,0,0,0,0,0,0,0,0,0,1,0,1,0,0,0,0,1,1,0,0,0,0,0,0,0,1,1,2,0,3,3,3,4,0,0,5,0,6,5,9,13,10,20,30,70
0,0,0,0,0,0,0,0,0,0,0,0,0,0,0,0,0,0,0,0,0,0,0,0,0,0,0,0,0,0,0,0,0,0,0,0,0,0,0,0,0,0,0,0,0,0,0,0,0,0,0,0,0,0,0,0,0,0,0,0,0,0,0,0,0,0,0,0,0,0,0,0,0,0,0,1,0,0,0,0,0,0,0,0,0,0,0,0,0,1,0,0,0,2,0,0,0,0,0,0,3,3,0,0,0,6,0,0,11,21
0,0,0,0,0,0,0,0,0,0,0,0,0,0,0,0,0,0,0,0,0,0,0,0,0,0,0,0,0,0,0,0,0,0,0,0,0,0,0,0,0,0,0,0,0,0,0,0,0,0,0,0,0,0,0,0,0,0,0,0,0,0,0,0,0,0,0,0,0,0,0,0,0,0,0,0,1,0,0,0,0,0,1,0,0,0,0,0,0,0,2,0,2,0,4,3,1,5,0,0,9,0,8,2,11,20,5,25,45,105
0,0,0,0,0,0,0,0,0,0,0,0,0,0,0,0,0,0,0,0,0,0,0,0,0,0,0,0,0,0,0,0,0,0,0,0,0,0,0,0,0,0,0,0,0,0,0,0,0,0,0,0,0,0,0,0,0,0,0,0,0,0,0,0,0,0,0,0,0,0,0,0,0,0,0,0,0,1,0,0,0,1,0,0,0,0,0,2,1,0,0,2,1,0,1,3,5,3,6,4,3,0,4,12,10,10,30,30,30,84
0,0,0,0,0,0,0,0,0,0,0,0,0,0,0,0,0,0,0,0,0,0,0,0,0,0,0,0,0,0,0,0,0,0,0,0,0,0,0,0,0,0,0,0,0,0,0,0,0,0,0,0,0,0,0,0,0,0,0,0,0,0,0,0,0,0,0,0,0,0,0,0,0,0,0,0,0,0,1,0,0,0,1,0,0,0,0,1,2,0,1,1,2,0,2,3,2,6,4,6,6,0,6,7,15,15,20,40,40,105
0,0,0,0,0,0,0,0,0,0,0,0,0,0,0,0,0,0,0,0,0,0,0,0,0,0,0,0,0,0,0,0,0,0,0,0,0,0,0,0,0,0,0,0,0,0,0,0,0,0,0,0,0,0,0,0,0,0,0,0,0,0,0,0,0,0,0,0,0,0,0,0,0,0,0,0,0,0,0,1,0,0,0,0,0,0,0,1,0,0,0,1,0,0,0,0,1,0,4,1,0,0,1,4,1,1,10,5,5,15
0,0,0,0,0,0,0,0,0,0,0,0,0,0,0,0,0,0,0,0,0,0,0,0,0,0,0,0,0,0,0,0,0,0,0,0,0,0,0,0,0,0,0,0,0,0,0,0,0,0,0,0,0,0,0,0,0,0,0,0,0,0,0,0,0,0,0,0,0,0,0,0,0,0,0,0,0,0,0,0,1,0,0,0,0,1,1,0,1,0,0,0,1,0,1,0,0,1,0,5,1,0,5,0,5,5,0,15,15,35
0,0,0,0,0,0,0,0,0,0,0,0,0,0,0,0,0,0,0,0,0,0,0,0,0,0,0,0,0,0,0,0,0,0,0,0,0,0,0,0,0,0,0,0,0,0,0,0,0,0,0,0,0,0,0,0,0,0,0,0,0,0,0,0,0,0,0,0,0,0,0,0,0,0,0,0,0,0,0,0,0,1,0,0,0,0,0,0,0,0,0,2,1,0,1,2,4,2,0,0,2,0,4,9,7,8,20,20,25,70
0,0,0,0,0,0,0,0,0,0,0,0,0,0,0,0,0,0,0,0,0,0,0,0,0,0,0,0,0,0,0,0,0,0,0,0,0,0,0,0,0,0,0,0,0,0,0,0,0,0,0,0,0,0,0,0,0,0,0,0,0,0,0,0,0,0,0,0,0,0,0,0,0,0,0,0,0,0,0,0,0,0,1,0,0,0,0,0,0,0,1,1,2,0,2,3,2,5,0,0,6,0,6,6,12,15,15,30,40,105
0,0,0,0,0,0,0,0,0,0,0,0,0,0,0,0,0,0,0,0,0,0,0,0,0,0,0,0,0,0,0,0,0,0,0,0,0,0,0,0,0,0,0,0,0,0,0,0,0,0,0,0,0,0,0,0,0,0,0,0,0,0,0,0,0,0,0,0,0,0,0,0,0,0,0,0,0,0,0,0,0,0,0,1,0,0,0,1,0,0,0,0,0,0,0,0,1,0,4,0,0,0,0,3,1,1,10,4,4,14
0,0,0,0,0,0,0,0,0,0,0,0,0,0,0,0,0,0,0,0,0,0,0,0,0,0,0,0,0,0,0,0,0,0,0,0,0,0,0,0,0,0,0,0,0,0,0,0,0,0,0,0,0,0,0,0,0,0,0,0,0,0,0,0,0,0,0,0,0,0,0,0,0,0,0,0,0,0,0,0,0,0,0,0,1,0,1,0,0,0,0,0,0,1,0,0,0,0,0,0,1,4,0,0,0,4,0,0,10,20
0,0,0,0,0,0,0,0,0,0,0,0,0,0,0,0,0,0,0,0,0,0,0,0,0,0,0,0,0,0,0,0,0,0,0,0,0,0,0,0,0,0,0,0,0,0,0,0,0,0,0,0,0,0,0,0,0,0,0,0,0,0,0,0,0,0,0,0,0,0,0,0,0,0,0,0,0,0,0,0,0,0,0,0,0,1,1,0,1,0,0,0,1,0,2,0,0,2,0,4,3,0,8,0,8,12,0,24,34,84
0,0,0,0,0,0,0,0,0,0,0,0,0,0,0,0,0,0,0,0,0,0,0,0,0,0,0,0,0,0,0,0,0,0,0,0,0,0,0,0,0,0,0,0,0,0,0,0,0,0,0,0,0,0,0,0,0,0,0,0,0,0,0,0,0,0,0,0,0,0,0,0,0,0,0,0,0,0,0,0,0,0,0,0,0,0,1,0,0,0,0,0,1,1,1,0,0,1,0,0,3,4,4,0,4,11,0,10,30,70
0,0,0,0,0,0,0,0,0,0,0,0,0,0,0,0,0,0,0,0,0,0,0,0,0,0,0,0,0,0,0,0,0,0,0,0,0,0,0,0,0,0,0,0,0,0,0,0,0,0,0,0,0,0,0,0,0,0,0,0,0,0,0,0,0,0,0,0,0,0,0,0,0,0,0,0,0,0,0,0,0,0,0,0,0,0,0,1,0,0,0,1,0,0,0,0,2,0,4,1,0,0,1,7,2,2,20,10,10,35
0,0,0,0,0,0,0,0,0,0,0,0,0,0,0,0,0,0,0,0,0,0,0,0,0,0,0,0,0,0,0,0,0,0,0,0,0,0,0,0,0,0,0,0,0,0,0,0,0,0,0,0,0,0,0,0,0,0,0,0,0,0,0,0,0,0,0,0,0,0,0,0,0,0,0,0,0,0,0,0,0,0,0,0,0,0,0,0,1,0,0,0,1,0,1,0,0,2,1,4,2,0,4,1,8,8,5,25,25,70
0,0,0,0,0,0,0,0,0,0,0,0,0,0,0,0,0,0,0,0,0,0,0,0,0,0,0,0,0,0,0,0,0,0,0,0,0,0,0,0,0,0,0,0,0,0,0,0,0,0,0,0,0,0,0,0,0,0,0,0,0,0,0,0,0,0,0,0,0,0,0,0,0,0,0,0,0,0,0,0,0,0,0,0,0,0,0,0,0,1,0,0,0,1,0,0,0,0,0,0,3,2,0,0,0,5,0,0,10,21
0,0,0,0,0,0,0,0,0,0,0,0,0,0,0,0,0,0,0,0,0,0,0,0,0,0,0,0,0,0,0,0,0,0,0,0,0,0,0,0,0,0,0,0,0,0,0,0,0,0,0,0,0,0,0,0,0,0,0,0,0,0,0,0,0,0,0,0,0,0,0,0,0,0,0,0,0,0,0,0,0,0,0,0,0,0,0,0,0,0,1,0,0,0,1,1,0,1,0,0,4,0,2,0,2,7,0,5,15,35
0,0,0,0,0,0,0,0,0,0,0,0,0,0,0,0,0,0,0,0,0,0,0,0,0,0,0,0,0,0,0,0,0,0,0,0,0,0,0,0,0,0,0,0,0,0,0,0,0,0,0,0,0,0,0,0,0,0,0,0,0,0,0,0,0,0,0,0,0,0,0,0,0,0,0,0,0,0,0,0,0,0,0,0,0,0,0,0,0,0,0,1,0,0,0,0,1,0,0,0,0,0,1,4,1,1,10,5,6,21
0,0,0,0,0,0,0,0,0,0,0,0,0,0,0,0,0,0,0,0,0,0,0,0,0,0,0,0,0,0,0,0,0,0,0,0,0,0,0,0,0,0,0,0,0,0,0,0,0,0,0,0,0,0,0,0,0,0,0,0,0,0,0,0,0,0,0,0,0,0,0,0,0,0,0,0,0,0,0,0,0,0,0,0,0,0,0,0,0,0,0,0,1,0,1,0,0,2,0,0,3,0,4,1,7,10,4,20,30,84
0,0,0,0,0,0,0,0,0,0,0,0,0,0,0,0,0,0,0,0,0,0,0,0,0,0,0,0,0,0,0,0,0,0,0,0,0,0,0,0,0,0,0,0,0,0,0,0,0,0,0,0,0,0,0,0,0,0,0,0,0,0,0,0,0,0,0,0,0,0,0,0,0,0,0,0,0,0,0,0,0,0,0,0,0,0,0,0,0,0,0,0,0,1,0,0,0,0,0,0,2,3,0,0,0,6,0,0,15,35
0,0,0,0,0,0,0,0,0,0,0,0,0,0,0,0,0,0,0,0,0,0,0,0,0,0,0,0,0,0,0,0,0,0,0,0,0,0,0,0,0,0,0,0,0,0,0,0,0,0,0,0,0,0,0,0,0,0,0,0,0,0,0,0,0,0,0,0,0,0,0,0,0,0,0,0,0,0,0,0,0,0,0,0,0,0,0,0,0,0,0,0,0,0,1,0,0,1,0,0,3,0,3,0,3,9,0,9,24,63
0,0,0,0,0,0,0,0,0,0,0,0,0,0,0,0,0,0,0,0,0,0,0,0,0,0,0,0,0,0,0,0,0,0,0,0,0,0,0,0,0,0,0,0,0,0,0,0,0,0,0,0,0,0,0,0,0,0,0,0,0,0,0,0,0,0,0,0,0,0,0,0,0,0,0,0,0,0,0,0,0,0,0,0,0,0,0,0,0,0,0,0,0,0,0,1,1,1,0,0,1,0,0,3,3,3,10,10,10,35
0,0,0,0,0,0,0,0,0,0,0,0,0,0,0,0,0,0,0,0,0,0,0,0,0,0,0,0,0,0,0,0,0,0,0,0,0,0,0,0,0,0,0,0,0,0,0,0,0,0,0,0,0,0,0,0,0,0,0,0,0,0,0,0,0,0,0,0,0,0,0,0,0,0,0,0,0,0,0,0,0,0,0,0,0,0,0,0,0,0,0,0,0,0,0,0,1,0,0,0,0,0,0,3,1,1,10,5,5,21
0,0,0,0,0,0,0,0,0,0,0,0,0,0,0,0,0,0,0,0,0,0,0,0,0,0,0,0,0,0,0,0,0,0,0,0,0,0,0,0,0,0,0,0,0,0,0,0,0,0,0,0,0,0,0,0,0,0,0,0,0,0,0,0,0,0,0,0,0,0,0,0,0,0,0,0,0,0,0,0,0,0,0,0,0,0,0,0,0,0,0,0,0,0,0,0,0,1,0,0,1,0,0,1,3,3,5,10,10,35
0,0,0,0,0,0,0,0,0,0,0,0,0,0,0,0,0,0,0,0,0,0,0,0,0,0,0,0,0,0,0,0,0,0,0,0,0,0,0,0,0,0,0,0,0,0,0,0,0,0,0,0,0,0,0,0,0,0,0,0,0,0,0,0,0,0,0,0,0,0,0,0,0,0,0,0,0,0,0,0,0,0,0,0,0,0,0,0,0,0,0,0,0,0,0,0,0,0,1,0,0,0,0,1,0,0,5,1,1,6
0,0,0,0,0,0,0,0,0,0,0,0,0,0,0,0,0,0,0,0,0,0,0,0,0,0,0,0,0,0,0,0,0,0,0,0,0,0,0,0,0,0,0,0,0,0,0,0,0,0,0,0,0,0,0,0,0,0,0,0,0,0,0,0,0,0,0,0,0,0,0,0,0,0,0,0,0,0,0,0,0,0,0,0,0,0,0,0,0,0,0,0,0,0,0,0,0,0,0,1,0,0,1,0,1,1,0,6,6,21
0,0,0,0,0,0,0,0,0,0,0,0,0,0,0,0,0,0,0,0,0,0,0,0,0,0,0,0,0,0,0,0,0,0,0,0,0,0,0,0,0,0,0,0,0,0,0,0,0,0,0,0,0,0,0,0,0,0,0,0,0,0,0,0,0,0,0,0,0,0,0,0,0,0,0,0,0,0,0,0,0,0,0,0,0,0,0,0,0,0,0,0,0,0,0,0,0,0,0,0,1,0,0,0,0,2,0,0,5,14
0,0,0,0,0,0,0,0,0,0,0,0,0,0,0,0,0,0,0,0,0,0,0,0,0,0,0,0,0,0,0,0,0,0,0,0,0,0,0,0,0,0,0,0,0,0,0,0,0,0,0,0,0,0,0,0,0,0,0,0,0,0,0,0,0,0,0,0,0,0,0,0,0,0,0,0,0,0,0,0,0,0,0,0,0,0,0,0,0,0,0,0,0,0,0,0,0,0,0,0,0,1,0,0,0,1,0,0,5,15
0,0,0,0,0,0,0,0,0,0,0,0,0,0,0,0,0,0,0,0,0,0,0,0,0,0,0,0,0,0,0,0,0,0,0,0,0,0,0,0,0,0,0,0,0,0,0,0,0,0,0,0,0,0,0,0,0,0,0,0,0,0,0,0,0,0,0,0,0,0,0,0,0,0,0,0,0,0,0,0,0,0,0,0,0,0,0,0,0,0,0,0,0,0,0,0,0,0,0,0,0,0,1,0,1,2,0,5,10,35
0,0,0,0,0,0,0,0,0,0,0,0,0,0,0,0,0,0,0,0,0,0,0,0,0,0,0,0,0,0,0,0,0,0,0,0,0,0,0,0,0,0,0,0,0,0,0,0,0,0,0,0,0,0,0,0,0,0,0,0,0,0,0,0,0,0,0,0,0,0,0,0,0,0,0,0,0,0,0,0,0,0,0,0,0,0,0,0,0,0,0,0,0,0,0,0,0,0,0,0,0,0,0,1,0,0,5,1,1,7
0,0,0,0,0,0,0,0,0,0,0,0,0,0,0,0,0,0,0,0,0,0,0,0,0,0,0,0,0,0,0,0,0,0,0,0,0,0,0,0,0,0,0,0,0,0,0,0,0,0,0,0,0,0,0,0,0,0,0,0,0,0,0,0,0,0,0,0,0,0,0,0,0,0,0,0,0,0,0,0,0,0,0,0,0,0,0,0,0,0,0,0,0,0,0,0,0,0,0,0,0,0,0,0,1,1,1,5,5,21
0,0,0,0,0,0,0,0,0,0,0,0,0,0,0,0,0,0,0,0,0,0,0,0,0,0,0,0,0,0,0,0,0,0,0,0,0,0,0,0,0,0,0,0,0,0,0,0,0,0,0,0,0,0,0,0,0,0,0,0,0,0,0,0,0,0,0,0,0,0,0,0,0,0,0,0,0,0,0,0,0,0,0,0,0,0,0,0,0,0,0,0,0,0,0,0,0,0,0,0,0,0,0,0,0,1,0,0,4,14
0,0,0,0,0,0,0,0,0,0,0,0,0,0,0,0,0,0,0,0,0,0,0,0,0,0,0,0,0,0,0,0,0,0,0,0,0,0,0,0,0,0,0,0,0,0,0,0,0,0,0,0,0,0,0,0,0,0,0,0,0,0,0,0,0,0,0,0,0,0,0,0,0,0,0,0,0,0,0,0,0,0,0,0,0,0,0,0,0,0,0,0,0,0,0,0,0,0,0,0,0,0,0,0,0,0,1,0,0,1
0,0,0,0,0,0,0,0,0,0,0,0,0,0,0,0,0,0,0,0,0,0,0,0,0,0,0,0,0,0,0,0,0,0,0,0,0,0,0,0,0,0,0,0,0,0,0,0,0,0,0,0,0,0,0,0,0,0,0,0,0,0,0,0,0,0,0,0,0,0,0,0,0,0,0,0,0,0,0,0,0,0,0,0,0,0,0,0,0,0,0,0,0,0,0,0,0,0,0,0,0,0,0,0,0,0,0,1,1,7
0,0,0,0,0,0,0,0,0,0,0,0,0,0,0,0,0,0,0,0,0,0,0,0,0,0,0,0,0,0,0,0,0,0,0,0,0,0,0,0,0,0,0,0,0,0,0,0,0,0,0,0,0,0,0,0,0,0,0,0,0,0,0,0,0,0,0,0,0,0,0,0,0,0,0,0,0,0,0,0,0,0,0,0,0,0,0,0,0,0,0,0,0,0,0,0,0,0,0,0,0,0,0,0,0,0,0,0,1,6
0,0,0,0,0,0,0,0,0,0,0,0,0,0,0,0,0,0,0,0,0,0,0,0,0,0,0,0,0,0,0,0,0,0,0,0,0,0,0,0,0,0,0,0,0,0,0,0,0,0,0,0,0,0,0,0,0,0,0,0,0,0,0,0,0,0,0,0,0,0,0,0,0,0,0,0,0,0,0,0,0,0,0,0,0,0,0,0,0,0,0,0,0,0,0,0,0,0,0,0,0,0,0,0,0,0,0,0,0,1