1,0,1,0,1,1,0,1,0,1,0,1,1,0,0,1,0,1,0,1,1,0,1,0,1,1,0,1,0,0,0,1,0,1,1,0,1,0,1,0,0,1,0,1,0,1,1,1,0,1,0,1,0,1,1,0,1,1,0,1,0,0,0,1,0,1,1,0,1,0,1,1,0,1,0,1,1,1,0,1,0,1,0,1,0,1,1,0,1,0,1,1,1,0,1,0,1,1,1,0,1,1,0,1,1,1,0,1,1,1
0,1,0,1,0,0,1,0,0,0,1,0,1,0,0,0,1,0,0,0,0,1,0,1,0,0,0,0,1,0,0,0,0,0,0,1,0,1,0,0,0,0,1,0,1,0,0,0,1,0,1,0,0,0,0,1,0,1,0,0,1,0,0,0,0,0,0,1,0,0,0,0,0,0,1,0,1,0,1,0,1,0,0,0,1,0,0,1,0,1,0,0,0,0,0,1,0,0,0,1,0,1,1,0,0,0,1,0,0,1
0,0,1,0,1,1,0,1,0,1,0,2,1,0,0,1,0,2,0,1,1,0,2,0,2,2,0,1,0,0,0,2,0,2,1,0,2,0,2,0,0,2,0,2,0,3,2,2,0,3,0,2,0,2,2,0,3,3,0,2,0,0,0,3,0,2,3,0,3,0,3,2,0,3,0,3,3,3,0,3,0,4,0,3,0,4,3,0,4,0,4,4,3,0,4,0,4,4,4,0,5,5,0,5,5,5,0,6,6,7
0,0,0,1,0,0,1,0,0,0,1,0,1,0,1,0,2,0,1,0,0,1,0,2,0,0,0,0,1,0,1,0,0,0,0,1,1,1,0,0,1,0,1,0,2,0,1,0,3,0,2,0,0,0,0,2,0,3,1,0,2,0,1,0,0,0,0,2,0,0,0,1,1,0,2,0,3,0,2,1,3,0,0,0,4,0,1,3,0,3,1,0,1,0,0,3,1,1,1,4,0,5,4,1,0,1,5,1,1,7
0,0,0,0,1,0,0,1,0,1,0,1,1,0,0,1,0,2,0,1,1,0,2,0,2,1,0,1,0,1,0,2,0,2,1,1,2,0,2,0,0,2,0,2,0,3,2,2,0,4,0,3,0,3,2,0,4,4,0,3,0,1,0,4,0,3,3,0,4,0,4,3,0,4,0,5,5,4,1,5,0,6,0,5,0,7,5,0,7,1,7,6,6,0,7,1,8,7,8,0,10,11,1,11,10,11,1,15,15,21
0,0,0,0,0,1,0,0,0,1,0,1,0,0,0,1,0,1,0,1,1,0,1,0,1,2,0,1,0,0,0,1,0,2,1,0,1,0,1,0,0,2,0,1,0,2,2,2,0,2,0,1,0,2,2,0,2,2,0,2,0,0,0,2,0,2,3,0,2,0,3,2,0,3,0,2,2,3,0,2,0,3,0,3,0,3,3,0,3,0,3,4,3,0,4,0,3,4,4,0,4,4,0,4,5,5,0,5,6,6
0,0,0,0,0,0,1,0,0,0,0,0,1,0,0,0,1,0,1,0,0,1,0,2,0,0,0,0,1,0,1,0,0,0,1,1,2,1,0,0,1,0,1,1,1,0,2,0,3,0,2,1,0,0,1,2,0,4,1,1,2,0,2,1,0,1,0,2,1,0,0,2,2,1,3,1,5,1,3,3,3,0,0,1,6,1,3,4,1,4,4,0,3,0,1,5,4,4,4,6,1,11,7,5,1,5,10,6,6,21
0,0,0,0,0,0,0,1,0,0,0,0,1,0,0,1,0,1,0,1,1,0,1,0,2,0,0,1,0,0,0,2,0,1,1,1,2,0,2,0,0,2,1,2,0,1,2,2,0,3,1,3,0,2,2,0,3,4,0,3,1,1,0,4,0,3,1,1,4,0,3,4,0,4,1,5,7,4,2,6,0,4,0,5,1,7,6,1,7,3,8,4,7,0,7,3,10,8,10,1,10,15,4,14,10,14,5,20,20,35
0,0,0,0,0,0,0,0,1,0,0,0,0,0,0,0,0,0,0,0,1,0,1,0,0,1,0,1,0,0,0,1,1,1,1,0,1,0,1,0,0,1,0,1,0,1,1,2,0,1,0,1,1,2,2,0,2,1,0,2,0,0,0,2,1,2,3,0,2,1,3,2,0,3,0,3,2,4,0,3,0,3,1,4,0,3,4,0,4,0,4,6,5,1,6,0,5,6,7,0,6,6,0,7,10,10,0,10,14,14
0,0,0,0,0,0,0,0,0,1,0,1,0,0,0,1,0,1,0,1,1,0,2,0,1,2,0,1,0,0,0,2,0,3,1,0,2,0,2,0,0,3,0,2,0,4,3,3,0,4,0,2,0,4,3,0,5,4,0,4,0,0,0,5,0,4,6,0,5,0,7,4,0,7,0,6,5,7,0,6,0,9,0,8,0,9,8,0,10,0,10,12,9,0,13,0,11,13,14,0,16,16,0,17,20,21,0,25,30,35
0,0,0,0,0,0,0,0,0,0,1,0,0,0,0,0,1,0,0,0,0,1,0,1,0,0,0,0,1,0,0,0,0,0,0,1,0,1,0,0,0,0,1,0,2,0,0,0,2,0,1,0,0,0,0,2,0,2,0,0,2,0,0,0,0,0,0,2,0,0,0,0,0,0,2,0,2,0,2,0,3,0,0,0,3,0,0,3,0,3,0,0,0,0,0,3,0,0,0,4,0,4,4,0,0,0,5,0,0,6
0,0,0,0,0,0,0,0,0,0,0,1,0,0,0,0,0,1,0,0,0,0,1,0,1,1,0,0,0,0,0,1,0,1,0,0,1,0,1,0,0,1,0,1,0,3,1,1,0,3,0,1,0,1,1,0,3,3,0,1,0,0,0,3,0,1,3,0,3,0,3,1,0,3,0,3,3,3,0,3,0,6,0,3,0,6,3,0,6,0,6,6,3,0,6,0,6,6,6,0,10,10,0,10,10,10,0,15,15,21
0,0,0,0,0,0,0,0,0,0,0,0,1,0,0,0,0,0,0,1,0,0,0,1,1,0,0,1,1,0,0,1,0,0,1,1,2,1,1,0,0,1,1,2,0,0,2,1,1,1,2,2,0,1,2,1,1,4,1,2,2,0,1,3,0,2,0,2,3,0,1,3,1,3,2,3,7,3,3,5,1,1,0,3,4,4,5,3,4,4,7,1,6,0,4,5,8,7,8,4,5,15,7,11,5,11,10,15,15,35
0,0,0,0,0,0,0,0,0,0,0,0,0,1,0,0,0,0,0,0,1,0,0,0,0,0,1,0,0,0,0,0,1,0,0,0,0,0,1,1,0,0,0,1,0,0,0,2,0,0,0,1,1,1,1,0,1,0,0,1,0,0,0,1,0,2,1,0,2,2,1,2,0,1,0,2,2,3,0,2,0,1,1,3,0,1,3,0,3,0,3,4,4,2,4,0,4,4,6,0,4,4,0,6,9,9,0,9,14,14
0,0,0,0,0,0,0,0,0,0,0,0,0,0,1,0,1,0,1,0,0,0,0,1,0,0,0,0,0,0,1,0,0,0,0,0,1,0,0,0,2,0,0,0,1,0,2,0,3,0,1,0,0,0,0,1,0,3,2,0,1,0,2,0,0,0,0,1,0,0,0,2,3,0,1,0,3,0,1,2,3,0,0,0,6,0,3,3,0,3,3,0,3,0,0,3,3,4,4,6,0,10,6,4,0,5,10,5,6,21
0,0,0,0,0,0,0,0,0,0,0,0,0,0,0,1,0,1,0,1,1,0,1,0,1,0,0,1,0,0,0,2,0,2,1,0,2,0,2,0,0,3,0,2,0,2,3,3,0,4,0,3,0,4,3,0,5,4,0,5,0,1,0,6,0,5,3,0,6,0,7,6,0,8,0,8,8,8,1,9,0,9,0,11,0,12,12,0,14,2,15,12,15,0,18,2,19,19,24,0,24,28,3,31,30,38,4,50,60,84
0,0,0,0,0,0,0,0,0,0,0,0,0,0,0,0,1,0,0,0,0,1,0,1,0,0,0,0,1,0,1,0,0,0,0,1,1,1,0,0,1,0,1,0,2,0,1,0,4,0,2,0,0,0,0,3,0,4,1,0,3,0,2,0,0,0,0,3,0,0,0,1,2,0,4,0,5,0,4,2,6,0,0,0,9,0,2,7,0,7,3,0,2,0,0,8,3,3,3,12,0,16,13,4,0,4,20,5,5,35
0,0,0,0,0,0,0,0,0,0,0,0,0,0,0,0,0,1,0,0,0,0,1,0,1,0,0,0,0,1,0,1,0,1,0,1,1,0,1,0,0,1,0,1,0,2,1,1,0,4,0,2,0,2,1,0,4,4,0,2,0,2,0,4,0,2,2,0,4,0,4,2,0,4,0,6,6,4,2,6,0,8,0,6,0,11,6,0,11,3,11,8,8,0,11,3,14,11,14,0,20,24,4,24,20,24,5,40,40,70
0,0,0,0,0,0,0,0,0,0,0,0,0,0,0,0,0,0,1,0,0,0,0,1,0,0,0,0,0,0,1,0,0,0,1,0,2,0,0,0,1,0,0,1,0,0,3,0,2,0,1,1,0,0,2,1,0,4,2,2,1,0,3,2,0,2,0,1,2,0,0,4,4,3,2,2,6,3,2,6,2,0,0,3,8,3,8,4,3,4,10,0,9,0,4,6,11,13,14,8,4,24,11,17,5,21,20,25,30,70
0,0,0,0,0,0,0,0,0,0,0,0,0,0,0,0,0,0,0,1,0,0,0,0,1,0,0,1,0,0,0,1,0,0,1,0,2,0,1,0,0,2,0,2,0,0,3,2,0,2,1,2,0,2,3,0,2,4,1,4,1,0,1,5,0,4,0,1,5,0,3,6,1,7,1,6,9,7,2,9,0,3,0,8,3,9,12,2,10,4,15,4,15,0,13,5,19,19,24,3,16,31,9,31,20,38,15,50,60,105
0,0,0,0,0,0,0,0,0,0,0,0,0,0,0,0,0,0,0,0,1,0,1,0,0,0,0,1,0,0,0,1,1,1,1,0,1,0,2,0,0,1,0,2,0,1,1,3,0,1,0,2,1,3,3,0,4,1,0,3,0,0,0,4,1,4,3,0,5,2,5,4,0,5,0,7,5,8,0,7,0,6,2,9,0,6,9,0,11,0,11,12,12,3,15,0,15,15,20,0,18,18,0,24,30,33,0,39,54,63
0,0,0,0,0,0,0,0,0,0,0,0,0,0,0,0,0,0,0,0,0,1,0,0,0,0,0,0,1,0,0,0,0,0,0,1,0,1,0,0,0,0,1,0,1,0,0,0,1,0,1,0,0,0,0,2,0,1,0,0,2,0,0,0,0,0,0,2,0,0,0,0,0,0,3,0,2,0,3,0,3,0,0,0,3,0,0,4,0,4,0,0,0,0,0,5,0,0,0,6,0,6,7,0,0,0,10,0,0,14
0,0,0,0,0,0,0,0,0,0,0,0,0,0,0,0,0,0,0,0,0,0,1,0,0,0,0,0,0,0,0,1,0,1,0,0,1,0,1,0,0,1,0,1,0,2,1,1,0,2,0,1,0,2,1,0,4,2,0,2,0,0,0,4,0,2,3,0,4,0,5,2,0,5,0,6,4,5,0,6,0,9,0,7,0,9,7,0,12,0,12,12,9,0,15,0,15,15,18,0,24,24,0,28,30,34,0,50,60,84
0,0,0,0,0,0,0,0,0,0,0,0,0,0,0,0,0,0,0,0,0,0,0,1,0,0,0,0,1,0,0,0,0,0,0,1,1,1,0,0,0,0,1,1,0,0,1,0,2,0,2,1,0,0,1,2,0,4,1,1,3,0,2,2,0,1,0,3,2,0,0,2,2,2,4,2,8,2,5,5,3,0,0,2,9,3,5,7,3,8,9,0,6,0,3,11,10,9,10,12,4,28,18,16,4,16,30,24,24,84
0,0,0,0,0,0,0,0,0,0,0,0,0,0,0,0,0,0,0,0,0,0,0,0,1,0,0,0,0,0,0,1,0,0,0,1,1,0,1,0,0,1,1,1,0,0,1,1,0,2,1,2,0,1,1,0,2,4,0,2,2,1,0,4,0,2,0,2,4,0,2,3,0,4,2,5,9,4,4,7,0,3,0,5,3,9,7,3,9,7,12,3,9,0,9,8,16,12,16,4,15,31,13,27,15,27,20,45,45,105
0,0,0,0,0,0,0,0,0,0,0,0,0,0,0,0,0,0,0,0,0,0,0,0,0,1,0,0,0,0,0,0,0,1,0,0,0,0,0,0,0,1,0,0,0,1,1,1,0,1,0,0,0,1,1,0,1,1,0,1,0,0,0,1,0,1,3,0,1,0,3,1,0,3,0,1,1,3,0,1,0,3,0,3,0,3,3,0,3,0,3,6,3,0,6,0,3,6,6,0,6,6,0,6,10,10,0,10,15,15
0,0,0,0,0,0,0,0,0,0,0,0,0,0,0,0,0,0,0,0,0,0,0,0,0,0,1,0,0,0,0,0,0,0,0,0,0,0,1,1,0,0,0,1,0,0,0,2,0,0,0,1,1,1,1,0,1,0,0,1,0,0,0,1,0,2,0,0,3,2,1,2,0,1,0,3,3,4,0,3,0,1,1,4,0,1,4,0,5,0,5,4,6,3,6,0,7,6,10,0,7,7,0,12,15,17,0,20,30,35
0,0,0,0,0,0,0,0,0,0,0,0,0,0,0,0,0,0,0,0,0,0,0,0,0,0,0,1,0,0,0,1,0,0,1,0,1,0,1,0,0,1,0,2,0,0,1,2,0,1,0,2,1,2,3,0,2,1,0,3,0,0,0,4,1,4,0,0,5,1,3,4,0,5,0,7,6,8,1,8,0,3,2,9,0,6,10,0,11,1,13,6,15,3,15,2,19,17,25,0,18,23,3,32,30,43,5,55,75,105
0,0,0,0,0,0,0,0,0,0,0,0,0,0,0,0,0,0,0,0,0,0,0,0,0,0,0,0,1,0,0,0,0,0,0,1,0,1,0,0,0,0,1,0,0,0,0,0,1,0,2,0,0,0,0,2,0,1,1,0,3,0,1,0,0,0,0,3,0,0,0,1,1,0,4,0,5,0,5,2,3,0,0,0,6,0,2,7,0,8,3,0,3,0,0,11,4,3,4,12,0,18,18,6,0,6,30,9,9,63
0,0,0,0,0,0,0,0,0,0,0,0,0,0,0,0,0,0,0,0,0,0,0,0,0,0,0,0,0,1,0,0,0,0,0,1,0,0,0,0,0,0,0,0,0,0,0,0,0,1,0,1,0,1,0,0,1,1,0,1,0,2,0,1,0,1,0,0,1,0,1,1,0,1,0,3,3,1,3,3,0,2,0,3,0,5,3,0,5,4,5,2,6,0,5,5,9,5,9,0,10,16,7,16,10,16,10,30,30,70
0,0,0,0,0,0,0,0,0,0,0,0,0,0,0,0,0,0,0,0,0,0,0,0,0,0,0,0,0,0,1,0,0,0,0,0,1,0,0,0,1,0,0,0,0,0,1,0,2,0,1,0,0,0,0,1,0,2,2,0,1,0,3,0,0,0,0,1,0,0,0,2,4,0,2,0,4,0,2,4,3,0,0,0,9,0,5,5,0,5,7,0,6,0,0,7,8,9,10,12,0,24,15,13,0,16,30,20,24,84
0,0,0,0,0,0,0,0,0,0,0,0,0,0,0,0,0,0,0,0,0,0,0,0,0,0,0,0,0,0,0,1,0,0,0,0,1,0,1,0,0,1,0,1,0,0,1,1,0,2,0,2,0,2,1,0,3,2,0,3,0,1,0,5,0,3,0,0,5,0,4,4,0,6,0,8,8,6,2,10,0,6,0,10,0,12,12,0,16,4,19,8,18,0,20,5,28,23,34,0,32,44,9,53,40,64,15,100,120,210
0,0,0,0,0,0,0,0,0,0,0,0,0,0,0,0,0,0,0,0,0,0,0,0,0,0,0,0,0,0,0,0,1,0,0,0,0,0,0,0,0,0,0,0,0,0,0,1,0,0,0,0,1,1,1,0,1,0,0,1,0,0,0,1,1,1,2,0,1,2,2,1,0,2,0,2,1,4,0,2,0,2,2,4,0,2,4,0,4,0,4,8,6,3,8,0,6,8,11,0,8,8,0,11,20,20,0,20,35,35
0,0,0,0,0,0,0,0,0,0,0,0,0,0,0,0,0,0,0,0,0,0,0,0,0,0,0,0,0,0,0,0,0,1,0,0,0,0,0,0,0,1,0,0,0,1,1,1,0,1,0,0,0,2,1,0,2,1,0,2,0,0,0,2,0,2,3,0,2,0,5,2,0,5,0,3,2,5,0,3,0,6,0,7,0,6,7,0,8,0,8,12,9,0,15,0,10,15,18,0,18,18,0,21,30,34,0,40,60,70
0,0,0,0,0,0,0,0,0,0,0,0,0,0,0,0,0,0,0,0,0,0,0,0,0,0,0,0,0,0,0,0,0,0,1,0,1,0,0,0,0,0,0,1,0,0,1,0,0,0,0,1,0,0,2,0,0,1,0,2,0,0,1,2,1,2,0,0,2,0,0,2,1,3,1,3,3,4,1,5,0,0,1,4,2,3,6,1,4,1,8,0,8,1,6,3,11,11,14,2,6,16,5,18,10,24,10,30,40,70
0,0,0,0,0,0,0,0,0,0,0,0,0,0,0,0,0,0,0,0,0,0,0,0,0,0,0,0,0,0,0,0,0,0,0,1,0,0,0,0,0,0,1,0,0,0,0,0,0,0,1,1,0,0,0,0,0,1,0,1,2,1,0,1,0,1,0,2,1,0,0,2,0,1,3,2,6,1,5,4,0,0,0,2,3,3,4,4,3,8,6,0,6,0,3,11,10,6,10,6,5,23,18,17,5,17,30,30,30,105
0,0,0,0,0,0,0,0,0,0,0,0,0,0,0,0,0,0,0,0,0,0,0,0,0,0,0,0,0,0,0,0,0,0,0,0,1,0,0,0,0,0,0,1,0,0,1,0,0,0,1,1,0,0,1,0,0,2,1,2,1,0,2,3,0,2,0,1,3,0,0,4,2,4,2,4,8,4,3,9,0,0,0,5,6,6,11,4,7,6,17,0,15,0,9,10,23,21,28,8,12,44,20,42,15,51,40,75,90,210
0,0,0,0,0,0,0,0,0,0,0,0,0,0,0,0,0,0,0,0,0,0,0,0,0,0,0,0,0,0,0,0,0,0,0,0,0,1,0,0,0,0,1,0,0,0,0,0,0,0,1,0,0,0,0,1,0,0,0,0,1,0,0,0,0,0,0,2,0,0,0,0,0,0,2,0,2,0,2,0,1,0,0,0,1,0,0,3,0,3,0,0,0,0,0,4,0,0,0,4,0,4,6,0,0,0,9,0,0,14
0,0,0,0,0,0,0,0,0,0,0,0,0,0,0,0,0,0,0,0,0,0,0,0,0,0,0,0,0,0,0,0,0,0,0,0,0,0,1,0,0,0,0,1,0,0,0,1,0,0,0,1,0,1,1,0,2,0,0,1,0,0,0,2,0,2,0,0,4,1,2,2,0,2,0,5,4,5,0,5,0,3,1,6,0,3,6,0,10,0,10,6,9,3,12,0,15,12,19,0,18,18,0,29,30,38,0,55,75,105
0,0,0,0,0,0,0,0,0,0,0,0,0,0,0,0,0,0,0,0,0,0,0,0,0,0,0,0,0,0,0,0,0,0,0,0,0,0,0,1,0,0,0,0,0,0,0,1,0,0,0,0,1,0,0,0,0,0,0,0,0,0,0,0,0,1,0,0,1,2,0,1,0,0,0,1,1,2,0,1,0,0,1,2,0,0,2,0,2,0,2,3,3,3,3,0,3,3,6,0,3,3,0,6,11,11,0,11,21,21
0,0,0,0,0,0,0,0,0,0,0,0,0,0,0,0,0,0,0,0,0,0,0,0,0,0,0,0,0,0,0,0,0,0,0,0,0,0,0,0,1,0,0,0,0,0,1,0,1,0,0,0,0,0,0,0,0,1,1,0,0,0,1,0,0,0,0,0,0,0,0,1,3,0,0,0,1,0,0,1,1,0,0,0,4,0,3,1,0,1,3,0,3,0,0,1,3,6,6,4,0,10,4,6,0,10,10,10,15,35
0,0,0,0,0,0,0,0,0,0,0,0,0,0,0,0,0,0,0,0,0,0,0,0,0,0,0,0,0,0,0,0,0,0,0,0,0,0,0,0,0,1,0,0,0,0,1,1,0,1,0,0,0,1,1,0,1,1,0,2,0,0,0,2,0,2,0,0,2,0,3,3,0,5,0,3,3,5,0,4,0,3,0,7,0,6,9,0,8,1,10,6,12,0,15,1,14,18,25,0,18,24,3,30,30,48,6,60,90,126
0,0,0,0,0,0,0,0,0,0,0,0,0,0,0,0,0,0,0,0,0,0,0,0,0,0,0,0,0,0,0,0,0,0,0,0,0,0,0,0,0,0,1,0,0,0,0,0,0,0,1,0,0,0,0,0,0,0,0,0,1,0,0,0,0,0,0,2,0,0,0,1,0,0,2,0,3,0,2,1,0,0,0,0,1,0,1,3,0,4,1,0,1,0,0,5,2,1,2,4,0,7,9,3,0,3,15,5,5,35
0,0,0,0,0,0,0,0,0,0,0,0,0,0,0,0,0,0,0,0,0,0,0,0,0,0,0,0,0,0,0,0,0,0,0,0,0,0,0,0,0,0,0,1,0,0,0,0,0,0,0,1,0,0,1,0,0,0,0,1,0,0,0,2,0,2,0,0,3,0,0,2,0,2,0,4,4,4,1,5,0,0,1,5,0,3,6,0,7,1,10,0,10,2,9,3,16,12,20,0,12,20,5,31,20,40,10,60,80,140
0,0,0,0,0,0,0,0,0,0,0,0,0,0,0,0,0,0,0,0,0,0,0,0,0,0,0,0,0,0,0,0,0,0,0,0,0,0,0,0,0,0,0,0,1,0,0,0,1,0,0,0,0,0,0,1,0,1,0,0,1,0,0,0,0,0,0,1,0,0,0,0,0,0,1,0,1,0,1,0,3,0,0,0,3,0,0,3,0,3,0,0,0,0,0,3,0,0,0,6,0,6,6,0,0,0,10,0,0,15
0,0,0,0,0,0,0,0,0,0,0,0,0,0,0,0,0,0,0,0,0,0,0,0,0,0,0,0,0,0,0,0,0,0,0,0,0,0,0,0,0,0,0,0,0,1,0,0,0,1,0,0,0,0,0,0,1,1,0,0,0,0,0,1,0,0,1,0,1,0,1,0,0,1,0,1,1,1,0,1,0,4,0,1,0,4,1,0,4,0,4,4,1,0,4,0,4,4,4,0,10,10,0,10,10,10,0,20,20,35
0,0,0,0,0,0,0,0,0,0,0,0,0,0,0,0,0,0,0,0,0,0,0,0,0,0,0,0,0,0,0,0,0,0,0,0,0,0,0,0,0,0,0,0,0,0,1,0,0,0,0,0,0,0,1,0,0,1,1,1,0,0,1,1,0,1,0,0,1,0,0,2,2,3,0,1,2,3,0,3,0,0,0,3,3,3,7,1,3,1,8,0,9,0,6,2,10,15,18,3,6,21,6,21,10,34,15,40,60,105
0,0,0,0,0,0,0,0,0,0,0,0,0,0,0,0,0,0,0,0,0,0,0,0,0,0,0,0,0,0,0,0,0,0,0,0,0,0,0,0,0,0,0,0,0,0,0,1,0,0,0,0,1,1,1,0,1,0,0,1,0,0,0,1,1,2,0,0,2,2,2,2,0,2,0,4,2,6,0,4,0,2,3,7,0,2,7,0,8,0,8,8,12,6,14,0,14,14,24,0,16,16,0,28,40,48,0,56,96,112
0,0,0,0,0,0,0,0,0,0,0,0,0,0,0,0,0,0,0,0,0,0,0,0,0,0,0,0,0,0,0,0,0,0,0,0,0,0,0,0,0,0,0,0,0,0,0,0,1,0,0,0,0,0,0,1,0,1,0,0,1,0,1,0,0,0,0,1,0,0,0,0,1,0,2,0,2,0,2,1,3,0,0,0,6,0,1,5,0,5,3,0,1,0,0,7,3,3,3,12,0,18,15,6,0,6,30,10,10,70
0,0,0,0,0,0,0,0,0,0,0,0,0,0,0,0,0,0,0,0,0,0,0,0,0,0,0,0,0,0,0,0,0,0,0,0,0,0,0,0,0,0,0,0,0,0,0,0,0,1,0,0,0,0,0,0,1,1,0,0,0,1,0,1,0,0,0,0,1,0,1,0,0,1,0,2,2,1,1,2,0,3,0,2,0,6,2,0,6,3,6,3,3,0,6,3,9,6,9,0,15,21,6,21,15,21,10,45,45,105
0,0,0,0,0,0,0,0,0,0,0,0,0,0,0,0,0,0,0,0,0,0,0,0,0,0,0,0,0,0,0,0,0,0,0,0,0,0,0,0,0,0,0,0,0,0,0,0,0,0,1,0,0,0,0,0,0,0,1,0,1,0,1,0,0,0,0,1,0,0,0,2,1,0,1,0,4,0,2,3,0,0,0,0,3,0,4,3,0,5,5,0,6,0,0,7,8,6,10,6,0,18,15,14,0,17,30,25,30,105
0,0,0,0,0,0,0,0,0,0,0,0,0,0,0,0,0,0,0,0,0,0,0,0,0,0,0,0,0,0,0,0,0,0,0,0,0,0,0,0,0,0,0,0,0,0,0,0,0,0,0,1,0,0,0,0,0,0,0,1,0,1,0,1,0,1,0,0,1,0,0,2,0,1,0,2,4,1,2,4,0,0,0,3,0,3,5,0,4,4,7,0,9,0,5,6,13,8,16,0,8,20,11,25,10,30,20,50,60,140
0,0,0,0,0,0,0,0,0,0,0,0,0,0,0,0,0,0,0,0,0,0,0,0,0,0,0,0,0,0,0,0,0,0,0,0,0,0,0,0,0,0,0,0,0,0,0,0,0,0,0,0,1,0,0,0,0,0,0,0,0,0,0,0,1,0,0,0,0,1,0,0,0,0,0,1,0,1,0,1,0,0,2,1,0,0,1,0,1,0,1,2,3,3,2,0,3,2,5,0,2,2,0,5,10,10,0,10,21,21
0,0,0,0,0,0,0,0,0,0,0,0,0,0,0,0,0,0,0,0,0,0,0,0,0,0,0,0,0,0,0,0,0,0,0,0,0,0,0,0,0,0,0,0,0,0,0,0,0,0,0,0,0,1,0,0,1,0,0,1,0,0,0,1,0,1,0,0,1,0,2,1,0,2,0,3,1,2,0,3,0,3,0,5,0,3,5,0,7,0,7,6,9,0,12,0,12,12,19,0,18,18,0,27,30,42,0,60,90,126
0,0,0,0,0,0,0,0,0,0,0,0,0,0,0,0,0,0,0,0,0,0,0,0,0,0,0,0,0,0,0,0,0,0,0,0,0,0,0,0,0,0,0,0,0,0,0,0,0,0,0,0,0,0,1,0,0,0,0,1,0,0,0,1,1,1,0,0,1,0,0,1,0,2,0,2,1,4,0,3,0,0,2,4,0,2,5,0,4,0,6,0,9,3,8,1,11,11,18,0,8,13,2,22,20,37,5,45,75,105
0,0,0,0,0,0,0,0,0,0,0,0,0,0,0,0,0,0,0,0,0,0,0,0,0,0,0,0,0,0,0,0,0,0,0,0,0,0,0,0,0,0,0,0,0,0,0,0,0,0,0,0,0,0,0,1,0,0,0,0,1,0,0,0,0,0,0,1,0,0,0,0,0,0,2,0,1,0,2,0,2,0,0,0,2,0,0,4,0,4,0,0,0,0,0,6,0,0,0,8,0,8,11,0,0,0,20,0,0,35
0,0,0,0,0,0,0,0,0,0,0,0,0,0,0,0,0,0,0,0,0,0,0,0,0,0,0,0,0,0,0,0,0,0,0,0,0,0,0,0,0,0,0,0,0,0,0,0,0,0,0,0,0,0,0,0,1,0,0,0,0,0,0,1,0,0,0,0,1,0,1,0,0,1,0,2,1,1,0,2,0,3,0,2,0,3,2,0,6,0,6,4,3,0,7,0,9,7,10,0,16,16,0,22,20,26,0,50,60,105
0,0,0,0,0,0,0,0,0,0,0,0,0,0,0,0,0,0,0,0,0,0,0,0,0,0,0,0,0,0,0,0,0,0,0,0,0,0,0,0,0,0,0,0,0,0,0,0,0,0,0,0,0,0,0,0,0,1,0,0,1,0,0,1,0,0,0,1,1,0,0,0,0,1,1,1,3,1,2,2,0,0,0,1,3,3,2,3,3,5,6,0,3,0,3,7,8,6,8,6,6,24,15,18,6,18,30,36,36,126
0,0,0,0,0,0,0,0,0,0,0,0,0,0,0,0,0,0,0,0,0,0,0,0,0,0,0,0,0,0,0,0,0,0,0,0,0,0,0,0,0,0,0,0,0,0,0,0,0,0,0,0,0,0,0,0,0,0,1,0,0,0,1,0,0,0,0,0,0,0,0,1,2,0,0,0,1,0,0,2,0,0,0,0,3,0,4,1,0,1,5,0,6,0,0,2,7,9,12,4,0,16,7,15,0,24,20,30,45,105
0,0,0,0,0,0,0,0,0,0,0,0,0,0,0,0,0,0,0,0,0,0,0,0,0,0,0,0,0,0,0,0,0,0,0,0,0,0,0,0,0,0,0,0,0,0,0,0,0,0,0,0,0,0,0,0,0,0,0,1,0,0,0,1,0,1,0,0,1,0,0,2,0,2,0,2,2,2,0,4,0,0,0,4,0,3,7,0,5,1,9,0,12,0,9,2,16,15,26,0,12,24,6,36,20,56,15,80,120,210
0,0,0,0,0,0,0,0,0,0,0,0,0,0,0,0,0,0,0,0,0,0,0,0,0,0,0,0,0,0,0,0,0,0,0,0,0,0,0,0,0,0,0,0,0,0,0,0,0,0,0,0,0,0,0,0,0,0,0,0,1,0,0,0,0,0,0,1,0,0,0,0,0,0,2,0,2,0,3,1,0,0,0,0,2,0,1,4,0,6,2,0,2,0,0,10,4,2,4,8,0,16,20,8,0,8,40,16,16,112
0,0,0,0,0,0,0,0,0,0,0,0,0,0,0,0,0,0,0,0,0,0,0,0,0,0,0,0,0,0,0,0,0,0,0,0,0,0,0,0,0,0,0,0,0,0,0,0,0,0,0,0,0,0,0,0,0,0,0,0,0,1,0,0,0,0,0,0,0,0,0,0,0,0,0,1,1,0,2,1,0,0,0,1,0,2,1,0,2,4,2,0,3,0,2,6,6,2,6,0,5,13,11,13,5,13,20,30,30,105
0,0,0,0,0,0,0,0,0,0,0,0,0,0,0,0,0,0,0,0,0,0,0,0,0,0,0,0,0,0,0,0,0,0,0,0,0,0,0,0,0,0,0,0,0,0,0,0,0,0,0,0,0,0,0,0,0,0,0,0,0,0,1,0,0,0,0,0,0,0,0,0,1,0,1,0,1,0,1,2,0,0,0,0,3,0,2,2,0,2,5,0,3,0,0,5,7,6,8,6,0,18,12,15,0,18,30,30,36,126
0,0,0,0,0,0,0,0,0,0,0,0,0,0,0,0,0,0,0,0,0,0,0,0,0,0,0,0,0,0,0,0,0,0,0,0,0,0,0,0,0,0,0,0,0,0,0,0,0,0,0,0,0,0,0,0,0,0,0,0,0,0,0,1,0,0,0,0,1,0,0,0,0,1,0,2,2,1,1,3,0,0,0,2,0,3,3,0,5,2,8,0,6,0,6,4,14,9,16,0,12,24,9,33,15,39,20,75,90,210
0,0,0,0,0,0,0,0,0,0,0,0,0,0,0,0,0,0,0,0,0,0,0,0,0,0,0,0,0,0,0,0,0,0,0,0,0,0,0,0,0,0,0,0,0,0,0,0,0,0,0,0,0,0,0,0,0,0,0,0,0,0,0,0,1,0,0,0,0,0,0,0,0,0,0,1,0,1,0,1,0,0,2,1,0,0,1,0,1,0,1,0,3,3,2,0,4,2,6,0,2,2,0,7,10,13,0,15,30,35
0,0,0,0,0,0,0,0,0,0,0,0,0,0,0,0,0,0,0,0,0,0,0,0,0,0,0,0,0,0,0,0,0,0,0,0,0,0,0,0,0,0,0,0,0,0,0,0,0,0,0,0,0,0,0,0,0,0,0,0,0,0,0,0,0,1,0,0,1,0,0,1,0,0,0,2,1,2,0,2,0,0,1,3,0,0,3,0,4,0,4,0,6,3,6,0,9,6,14,0,8,8,0,20,20,32,0,45,75,105
0,0,0,0,0,0,0,0,0,0,0,0,0,0,0,0,0,0,0,0,0,0,0,0,0,0,0,0,0,0,0,0,0,0,0,0,0,0,0,0,0,0,0,0,0,0,0,0,0,0,0,0,0,0,0,0,0,0,0,0,0,0,0,0,0,0,1,0,0,0,1,0,0,1,0,0,0,1,0,0,0,1,0,1,0,1,1,0,1,0,1,4,1,0,4,0,1,4,4,0,4,4,0,4,10,10,0,10,20,20
0,0,0,0,0,0,0,0,0,0,0,0,0,0,0,0,0,0,0,0,0,0,0,0,0,0,0,0,0,0,0,0,0,0,0,0,0,0,0,0,0,0,0,0,0,0,0,0,0,0,0,0,0,0,0,0,0,0,0,0,0,0,0,0,0,0,0,1,0,0,0,0,0,0,1,0,1,0,1,0,0,0,0,0,0,0,0,2,0,2,0,0,0,0,0,3,0,0,0,3,0,3,6,0,0,0,11,0,0,21
0,0,0,0,0,0,0,0,0,0,0,0,0,0,0,0,0,0,0,0,0,0,0,0,0,0,0,0,0,0,0,0,0,0,0,0,0,0,0,0,0,0,0,0,0,0,0,0,0,0,0,0,0,0,0,0,0,0,0,0,0,0,0,0,0,0,0,0,1,0,0,0,0,0,0,1,1,1,0,1,0,0,0,1,0,0,1,0,3,0,3,0,2,1,3,0,5,3,6,0,6,6,0,13,10,16,0,30,40,70
0,0,0,0,0,0,0,0,0,0,0,0,0,0,0,0,0,0,0,0,0,0,0,0,0,0,0,0,0,0,0,0,0,0,0,0,0,0,0,0,0,0,0,0,0,0,0,0,0,0,0,0,0,0,0,0,0,0,0,0,0,0,0,0,0,0,0,0,0,1,0,0,0,0,0,0,0,1,0,0,0,0,1,1,0,0,1,0,1,0,1,3,2,3,3,0,2,3,6,0,3,3,0,6,15,15,0,15,35,35
0,0,0,0,0,0,0,0,0,0,0,0,0,0,0,0,0,0,0,0,0,0,0,0,0,0,0,0,0,0,0,0,0,0,0,0,0,0,0,0,0,0,0,0,0,0,0,0,0,0,0,0,0,0,0,0,0,0,0,0,0,0,0,0,0,0,0,0,0,0,1,0,0,1,0,0,0,1,0,0,0,1,0,2,0,1,2,0,2,0,2,4,3,0,7,0,3,7,10,0,8,8,0,11,20,26,0,30,60,70
0,0,0,0,0,0,0,0,0,0,0,0,0,0,0,0,0,0,0,0,0,0,0,0,0,0,0,0,0,0,0,0,0,0,0,0,0,0,0,0,0,0,0,0,0,0,0,0,0,0,0,0,0,0,0,0,0,0,0,0,0,0,0,0,0,0,0,0,0,0,0,1,0,0,0,0,1,0,0,1,0,0,0,0,0,0,2,0,0,1,2,0,3,0,0,1,4,3,7,0,0,6,4,9,0,14,10,20,30,70
0,0,0,0,0,0,0,0,0,0,0,0,0,0,0,0,0,0,0,0,0,0,0,0,0,0,0,0,0,0,0,0,0,0,0,0,0,0,0,0,0,0,0,0,0,0,0,0,0,0,0,0,0,0,0,0,0,0,0,0,0,0,0,0,0,0,0,0,0,0,0,0,1,0,0,0,0,0,0,0,0,0,0,0,1,0,1,0,0,0,1,0,1,0,0,0,1,4,4,1,0,5,1,4,0,10,5,10,20,35
0,0,0,0,0,0,0,0,0,0,0,0,0,0,0,0,0,0,0,0,0,0,0,0,0,0,0,0,0,0,0,0,0,0,0,0,0,0,0,0,0,0,0,0,0,0,0,0,0,0,0,0,0,0,0,0,0,0,0,0,0,0,0,0,0,0,0,0,0,0,0,0,0,1,0,0,0,1,0,0,0,0,0,1,0,1,2,0,1,0,2,0,3,0,4,0,3,7,10,0,4,8,1,11,10,26,4,30,60,84
0,0,0,0,0,0,0,0,0,0,0,0,0,0,0,0,0,0,0,0,0,0,0,0,0,0,0,0,0,0,0,0,0,0,0,0,0,0,0,0,0,0,0,0,0,0,0,0,0,0,0,0,0,0,0,0,0,0,0,0,0,0,0,0,0,0,0,0,0,0,0,0,0,0,1,0,0,0,1,0,0,0,0,0,0,0,0,1,0,1,0,0,0,0,0,3,0,0,0,2,0,2,5,0,0,0,10,0,0,21
0,0,0,0,0,0,0,0,0,0,0,0,0,0,0,0,0,0,0,0,0,0,0,0,0,0,0,0,0,0,0,0,0,0,0,0,0,0,0,0,0,0,0,0,0,0,0,0,0,0,0,0,0,0,0,0,0,0,0,0,0,0,0,0,0,0,0,0,0,0,0,0,0,0,0,1,0,0,0,1,0,0,0,1,0,0,1,0,2,0,2,0,3,0,3,0,6,3,8,0,6,6,0,15,10,22,0,40,60,105
0,0,0,0,0,0,0,0,0,0,0,0,0,0,0,0,0,0,0,0,0,0,0,0,0,0,0,0,0,0,0,0,0,0,0,0,0,0,0,0,0,0,0,0,0,0,0,0,0,0,0,0,0,0,0,0,0,0,0,0,0,0,0,0,0,0,0,0,0,0,0,0,0,0,0,0,1,0,1,1,0,0,0,0,0,0,1,0,0,2,2,0,3,0,0,4,5,2,6,0,0,8,9,11,0,13,20,25,30,105
0,0,0,0,0,0,0,0,0,0,0,0,0,0,0,0,0,0,0,0,0,0,0,0,0,0,0,0,0,0,0,0,0,0,0,0,0,0,0,0,0,0,0,0,0,0,0,0,0,0,0,0,0,0,0,0,0,0,0,0,0,0,0,0,0,0,0,0,0,0,0,0,0,0,0,0,0,1,0,0,0,0,1,1,0,0,1,0,1,0,1,0,3,3,3,0,3,3,8,0,3,3,0,9,15,21,0,24,54,63
0,0,0,0,0,0,0,0,0,0,0,0,0,0,0,0,0,0,0,0,0,0,0,0,0,0,0,0,0,0,0,0,0,0,0,0,0,0,0,0,0,0,0,0,0,0,0,0,0,0,0,0,0,0,0,0,0,0,0,0,0,0,0,0,0,0,0,0,0,0,0,0,0,0,0,0,0,0,1,0,0,0,0,0,0,0,0,0,0,1,0,0,1,0,0,3,1,0,1,0,0,2,5,2,0,2,10,5,5,35
0,0,0,0,0,0,0,0,0,0,0,0,0,0,0,0,0,0,0,0,0,0,0,0,0,0,0,0,0,0,0,0,0,0,0,0,0,0,0,0,0,0,0,0,0,0,0,0,0,0,0,0,0,0,0,0,0,0,0,0,0,0,0,0,0,0,0,0,0,0,0,0,0,0,0,0,0,0,0,1,0,0,0,0,0,0,1,0,0,0,2,0,3,0,0,1,5,3,7,0,0,6,3,12,0,18,10,30,45,105
0,0,0,0,0,0,0,0,0,0,0,0,0,0,0,0,0,0,0,0,0,0,0,0,0,0,0,0,0,0,0,0,0,0,0,0,0,0,0,0,0,0,0,0,0,0,0,0,0,0,0,0,0,0,0,0,0,0,0,0,0,0,0,0,0,0,0,0,0,0,0,0,0,0,0,0,0,0,0,0,1,0,0,0,1,0,0,1,0,1,0,0,0,0,0,1,0,0,0,4,0,4,4,0,0,0,10,0,0,20
0,0,0,0,0,0,0,0,0,0,0,0,0,0,0,0,0,0,0,0,0,0,0,0,0,0,0,0,0,0,0,0,0,0,0,0,0,0,0,0,0,0,0,0,0,0,0,0,0,0,0,0,0,0,0,0,0,0,0,0,0,0,0,0,0,0,0,0,0,0,0,0,0,0,0,0,0,0,0,0,0,1,0,0,0,1,0,0,1,0,1,1,0,0,1,0,1,1,1,0,5,5,0,5,5,5,0,15,15,35
0,0,0,0,0,0,0,0,0,0,0,0,0,0,0,0,0,0,0,0,0,0,0,0,0,0,0,0,0,0,0,0,0,0,0,0,0,0,0,0,0,0,0,0,0,0,0,0,0,0,0,0,0,0,0,0,0,0,0,0,0,0,0,0,0,0,0,0,0,0,0,0,0,0,0,0,0,0,0,0,0,0,1,0,0,0,0,0,0,0,0,0,1,2,0,0,1,0,2,0,0,0,0,2,5,5,0,5,14,14
0,0,0,0,0,0,0,0,0,0,0,0,0,0,0,0,0,0,0,0,0,0,0,0,0,0,0,0,0,0,0,0,0,0,0,0,0,0,0,0,0,0,0,0,0,0,0,0,0,0,0,0,0,0,0,0,0,0,0,0,0,0,0,0,0,0,0,0,0,0,0,0,0,0,0,0,0,0,0,0,0,0,0,1,0,0,1,0,1,0,1,0,3,0,3,0,3,3,8,0,4,4,0,10,10,22,0,30,60,84
0,0,0,0,0,0,0,0,0,0,0,0,0,0,0,0,0,0,0,0,0,0,0,0,0,0,0,0,0,0,0,0,0,0,0,0,0,0,0,0,0,0,0,0,0,0,0,0,0,0,0,0,0,0,0,0,0,0,0,0,0,0,0,0,0,0,0,0,0,0,0,0,0,0,0,0,0,0,0,0,0,0,0,0,1,0,0,1,0,1,1,0,0,0,0,2,1,1,1,4,0,8,7,4,0,4,20,10,10,70
0,0,0,0,0,0,0,0,0,0,0,0,0,0,0,0,0,0,0,0,0,0,0,0,0,0,0,0,0,0,0,0,0,0,0,0,0,0,0,0,0,0,0,0,0,0,0,0,0,0,0,0,0,0,0,0,0,0,0,0,0,0,0,0,0,0,0,0,0,0,0,0,0,0,0,0,0,0,0,0,0,0,0,0,0,1,0,0,1,1,1,0,0,0,1,1,2,1,2,0,4,8,4,8,4,8,10,24,24,84
0,0,0,0,0,0,0,0,0,0,0,0,0,0,0,0,0,0,0,0,0,0,0,0,0,0,0,0,0,0,0,0,0,0,0,0,0,0,0,0,0,0,0,0,0,0,0,0,0,0,0,0,0,0,0,0,0,0,0,0,0,0,0,0,0,0,0,0,0,0,0,0,0,0,0,0,0,0,0,0,0,0,0,0,0,0,1,0,0,0,1,0,2,0,0,0,2,3,6,0,0,4,1,7,0,16,5,20,40,70
0,0,0,0,0,0,0,0,0,0,0,0,0,0,0,0,0,0,0,0,0,0,0,0,0,0,0,0,0,0,0,0,0,0,0,0,0,0,0,0,0,0,0,0,0,0,0,0,0,0,0,0,0,0,0,0,0,0,0,0,0,0,0,0,0,0,0,0,0,0,0,0,0,0,0,0,0,0,0,0,0,0,0,0,0,0,0,1,0,1,0,0,0,0,0,2,0,0,0,3,0,3,6,0,0,0,15,0,0,35
0,0,0,0,0,0,0,0,0,0,0,0,0,0,0,0,0,0,0,0,0,0,0,0,0,0,0,0,0,0,0,0,0,0,0,0,0,0,0,0,0,0,0,0,0,0,0,0,0,0,0,0,0,0,0,0,0,0,0,0,0,0,0,0,0,0,0,0,0,0,0,0,0,0,0,0,0,0,0,0,0,0,0,0,0,0,0,0,1,0,1,0,0,0,1,0,2,1,2,0,4,4,0,8,5,9,0,25,30,70
0,0,0,0,0,0,0,0,0,0,0,0,0,0,0,0,0,0,0,0,0,0,0,0,0,0,0,0,0,0,0,0,0,0,0,0,0,0,0,0,0,0,0,0,0,0,0,0,0,0,0,0,0,0,0,0,0,0,0,0,0,0,0,0,0,0,0,0,0,0,0,0,0,0,0,0,0,0,0,0,0,0,0,0,0,0,0,0,0,1,0,0,0,0,0,2,1,0,1,0,0,3,6,3,0,3,15,9,9,63
0,0,0,0,0,0,0,0,0,0,0,0,0,0,0,0,0,0,0,0,0,0,0,0,0,0,0,0,0,0,0,0,0,0,0,0,0,0,0,0,0,0,0,0,0,0,0,0,0,0,0,0,0,0,0,0,0,0,0,0,0,0,0,0,0,0,0,0,0,0,0,0,0,0,0,0,0,0,0,0,0,0,0,0,0,0,0,0,0,0,1,0,0,0,0,1,2,1,2,0,0,4,3,7,0,8,10,20,24,84
0,0,0,0,0,0,0,0,0,0,0,0,0,0,0,0,0,0,0,0,0,0,0,0,0,0,0,0,0,0,0,0,0,0,0,0,0,0,0,0,0,0,0,0,0,0,0,0,0,0,0,0,0,0,0,0,0,0,0,0,0,0,0,0,0,0,0,0,0,0,0,0,0,0,0,0,0,0,0,0,0,0,0,0,0,0,0,0,0,0,0,1,0,0,1,0,0,1,1,0,1,1,0,1,5,5,0,5,15,15
0,0,0,0,0,0,0,0,0,0,0,0,0,0,0,0,0,0,0,0,0,0,0,0,0,0,0,0,0,0,0,0,0,0,0,0,0,0,0,0,0,0,0,0,0,0,0,0,0,0,0,0,0,0,0,0,0,0,0,0,0,0,0,0,0,0,0,0,0,0,0,0,0,0,0,0,0,0,0,0,0,0,0,0,0,0,0,0,0,0,0,0,1,0,0,0,1,0,2,0,0,0,0,3,0,6,0,10,20,35
0,0,0,0,0,0,0,0,0,0,0,0,0,0,0,0,0,0,0,0,0,0,0,0,0,0,0,0,0,0,0,0,0,0,0,0,0,0,0,0,0,0,0,0,0,0,0,0,0,0,0,0,0,0,0,0,0,0,0,0,0,0,0,0,0,0,0,0,0,0,0,0,0,0,0,0,0,0,0,0,0,0,0,0,0,0,0,0,0,0,0,0,0,1,0,0,0,0,1,0,0,0,0,1,4,4,0,4,14,14
0,0,0,0,0,0,0,0,0,0,0,0,0,0,0,0,0,0,0,0,0,0,0,0,0,0,0,0,0,0,0,0,0,0,0,0,0,0,0,0,0,0,0,0,0,0,0,0,0,0,0,0,0,0,0,0,0,0,0,0,0,0,0,0,0,0,0,0,0,0,0,0,0,0,0,0,0,0,0,0,0,0,0,0,0,0,0,0,0,0,0,0,0,0,1,0,0,1,2,0,1,1,0,2,5,9,0,10,30,35
0,0,0,0,0,0,0,0,0,0,0,0,0,0,0,0,0,0,0,0,0,0,0,0,0,0,0,0,0,0,0,0,0,0,0,0,0,0,0,0,0,0,0,0,0,0,0,0,0,0,0,0,0,0,0,0,0,0,0,0,0,0,0,0,0,0,0,0,0,0,0,0,0,0,0,0,0,0,0,0,0,0,0,0,0,0,0,0,0,0,0,0,0,0,0,1,0,0,0,0,0,0,2,0,0,0,5,0,0,14
0,0,0,0,0,0,0,0,0,0,0,0,0,0,0,0,0,0,0,0,0,0,0,0,0,0,0,0,0,0,0,0,0,0,0,0,0,0,0,0,0,0,0,0,0,0,0,0,0,0,0,0,0,0,0,0,0,0,0,0,0,0,0,0,0,0,0,0,0,0,0,0,0,0,0,0,0,0,0,0,0,0,0,0,0,0,0,0,0,0,0,0,0,0,0,0,1,0,1,0,0,0,0,3,0,4,0,10,15,35
0,0,0,0,0,0,0,0,0,0,0,0,0,0,0,0,0,0,0,0,0,0,0,0,0,0,0,0,0,0,0,0,0,0,0,0,0,0,0,0,0,0,0,0,0,0,0,0,0,0,0,0,0,0,0,0,0,0,0,0,0,0,0,0,0,0,0,0,0,0,0,0,0,0,0,0,0,0,0,0,0,0,0,0,0,0,0,0,0,0,0,0,0,0,0,0,0,1,1,0,0,1,0,1,0,5,1,5,15,21
0,0,0,0,0,0,0,0,0,0,0,0,0,0,0,0,0,0,0,0,0,0,0,0,0,0,0,0,0,0,0,0,0,0,0,0,0,0,0,0,0,0,0,0,0,0,0,0,0,0,0,0,0,0,0,0,0,0,0,0,0,0,0,0,0,0,0,0,0,0,0,0,0,0,0,0,0,0,0,0,0,0,0,0,0,0,0,0,0,0,0,0,0,0,0,0,0,0,1,0,0,0,0,1,0,4,0,5,15,21
0,0,0,0,0,0,0,0,0,0,0,0,0,0,0,0,0,0,0,0,0,0,0,0,0,0,0,0,0,0,0,0,0,0,0,0,0,0,0,0,0,0,0,0,0,0,0,0,0,0,0,0,0,0,0,0,0,0,0,0,0,0,0,0,0,0,0,0,0,0,0,0,0,0,0,0,0,0,0,0,0,0,0,0,0,0,0,0,0,0,0,0,0,0,0,0,0,0,0,1,0,1,1,0,0,0,5,0,0,15
0,0,0,0,0,0,0,0,0,0,0,0,0,0,0,0,0,0,0,0,0,0,0,0,0,0,0,0,0,0,0,0,0,0,0,0,0,0,0,0,0,0,0,0,0,0,0,0,0,0,0,0,0,0,0,0,0,0,0,0,0,0,0,0,0,0,0,0,0,0,0,0,0,0,0,0,0,0,0,0,0,0,0,0,0,0,0,0,0,0,0,0,0,0,0,0,0,0,0,0,1,1,0,1,1,1,0,6,6,21
0,0,0,0,0,0,0,0,0,0,0,0,0,0,0,0,0,0,0,0,0,0,0,0,0,0,0,0,0,0,0,0,0,0,0,0,0,0,0,0,0,0,0,0,0,0,0,0,0,0,0,0,0,0,0,0,0,0,0,0,0,0,0,0,0,0,0,0,0,0,0,0,0,0,0,0,0,0,0,0,0,0,0,0,0,0,0,0,0,0,0,0,0,0,0,0,0,0,0,0,0,1,1,1,0,1,5,5,5,35
0,0,0,0,0,0,0,0,0,0,0,0,0,0,0,0,0,0,0,0,0,0,0,0,0,0,0,0,0,0,0,0,0,0,0,0,0,0,0,0,0,0,0,0,0,0,0,0,0,0,0,0,0,0,0,0,0,0,0,0,0,0,0,0,0,0,0,0,0,0,0,0,0,0,0,0,0,0,0,0,0,0,0,0,0,0,0,0,0,0,0,0,0,0,0,0,0,0,0,0,0,0,1,0,0,0,4,0,0,14
0,0,0,0,0,0,0,0,0,0,0,0,0,0,0,0,0,0,0,0,0,0,0,0,0,0,0,0,0,0,0,0,0,0,0,0,0,0,0,0,0,0,0,0,0,0,0,0,0,0,0,0,0,0,0,0,0,0,0,0,0,0,0,0,0,0,0,0,0,0,0,0,0,0,0,0,0,0,0,0,0,0,0,0,0,0,0,0,0,0,0,0,0,0,0,0,0,0,0,0,0,0,0,1,0,1,0,5,6,21
0,0,0,0,0,0,0,0,0,0,0,0,0,0,0,0,0,0,0,0,0,0,0,0,0,0,0,0,0,0,0,0,0,0,0,0,0,0,0,0,0,0,0,0,0,0,0,0,0,0,0,0,0,0,0,0,0,0,0,0,0,0,0,0,0,0,0,0,0,0,0,0,0,0,0,0,0,0,0,0,0,0,0,0,0,0,0,0,0,0,0,0,0,0,0,0,0,0,0,0,0,0,0,0,1,1,0,1,6,6
0,0,0,0,0,0,0,0,0,0,0,0,0,0,0,0,0,0,0,0,0,0,0,0,0,0,0,0,0,0,0,0,0,0,0,0,0,0,0,0,0,0,0,0,0,0,0,0,0,0,0,0,0,0,0,0,0,0,0,0,0,0,0,0,0,0,0,0,0,0,0,0,0,0,0,0,0,0,0,0,0,0,0,0,0,0,0,0,0,0,0,0,0,0,0,0,0,0,0,0,0,0,0,0,0,1,0,1,6,7
0,0,0,0,0,0,0,0,0,0,0,0,0,0,0,0,0,0,0,0,0,0,0,0,0,0,0,0,0,0,0,0,0,0,0,0,0,0,0,0,0,0,0,0,0,0,0,0,0,0,0,0,0,0,0,0,0,0,0,0,0,0,0,0,0,0,0,0,0,0,0,0,0,0,0,0,0,0,0,0,0,0,0,0,0,0,0,0,0,0,0,0,0,0,0,0,0,0,0,0,0,0,0,0,0,0,1,0,0,6
0,0,0,0,0,0,0,0,0,0,0,0,0,0,0,0,0,0,0,0,0,0,0,0,0,0,0,0,0,0,0,0,0,0,0,0,0,0,0,0,0,0,0,0,0,0,0,0,0,0,0,0,0,0,0,0,0,0,0,0,0,0,0,0,0,0,0,0,0,0,0,0,0,0,0,0,0,0,0,0,0,0,0,0,0,0,0,0,0,0,0,0,0,0,0,0,0,0,0,0,0,0,0,0,0,0,0,1,1,7
0,0,0,0,0,0,0,0,0,0,0,0,0,0,0,0,0,0,0,0,0,0,0,0,0,0,0,0,0,0,0,0,0,0,0,0,0,0,0,0,0,0,0,0,0,0,0,0,0,0,0,0,0,0,0,0,0,0,0,0,0,0,0,0,0,0,0,0,0,0,0,0,0,0,0,0,0,0,0,0,0,0,0,0,0,0,0,0,0,0,0,0,0,0,0,0,0,0,0,0,0,0,0,0,0,0,0,0,1,1
0,0,0,0,0,0,0,0,0,0,0,0,0,0,0,0,0,0,0,0,0,0,0,0,0,0,0,0,0,0,0,0,0,0,0,0,0,0,0,0,0,0,0,0,0,0,0,0,0,0,0,0,0,0,0,0,0,0,0,0,0,0,0,0,0,0,0,0,0,0,0,0,0,0,0,0,0,0,0,0,0,0,0,0,0,0,0,0,0,0,0,0,0,0,0,0,0,0,0,0,0,0,0,0,0,0,0,0,0,1