1,0,1,0,1,1,0,1,0,1,0,1,0,0,1,0,1,1,1,0,1,1,1,1,0,0,0,1,0,1,0,1,0,1,0,1,1,0,1,1,0,1,0,1,1,0,1,1,0,1,1,0,1,0,1,1,1,0,1,1,1,0,1,1,1
0,1,0,1,0,0,1,0,0,0,1,0,0,0,0,1,0,0,0,1,0,1,0,0,1,0,0,0,0,0,1,0,0,0,1,0,0,1,0,1,0,0,1,0,0,1,0,0,0,0,0,1,0,1,0,0,1,1,0,0,0,1,0,0,1
0,0,1,0,1,1,0,1,0,1,0,2,0,0,1,0,2,1,1,0,2,2,2,1,0,0,0,2,0,2,0,2,0,2,0,3,2,0,3,2,0,2,0,3,2,0,3,3,0,3,3,0,3,0,4,3,4,0,4,4,4,0,5,5,6
0,0,0,1,0,0,1,0,0,0,1,0,0,1,0,2,0,1,0,1,0,2,0,0,1,0,1,0,0,0,1,0,1,0,2,0,0,3,0,2,0,0,2,0,1,2,1,0,0,0,1,2,1,3,0,1,4,3,1,0,1,4,1,1,6
0,0,0,0,1,0,0,1,0,1,0,1,0,0,1,0,2,1,1,0,2,2,1,1,0,1,0,2,0,2,0,2,0,2,0,3,2,0,4,3,0,3,0,4,3,1,4,3,0,4,4,1,5,0,6,5,7,1,7,6,7,1,10,10,15
0,0,0,0,0,1,0,0,0,1,0,1,0,0,1,0,1,1,1,0,1,1,2,1,0,0,0,1,0,2,0,1,0,2,0,2,2,0,2,1,0,2,0,2,2,0,2,3,0,3,3,0,2,0,3,3,3,0,3,4,4,0,4,5,5
0,0,0,0,0,0,1,0,0,0,0,0,0,0,0,1,0,1,0,1,0,2,0,1,1,0,1,1,0,0,1,1,1,1,1,0,1,3,1,3,0,1,2,1,2,2,3,0,0,1,3,3,3,3,1,3,7,4,4,1,4,6,5,5,15
0,0,0,0,0,0,0,1,0,0,0,0,0,0,1,0,1,1,1,0,1,2,0,1,1,0,0,2,0,1,1,2,0,2,0,1,2,1,3,4,0,2,1,3,3,2,4,1,0,3,4,2,5,1,4,5,8,3,7,4,7,4,10,10,20
0,0,0,0,0,0,0,0,1,0,0,0,0,0,0,0,0,0,1,0,1,0,1,1,0,0,0,1,1,1,0,1,0,1,0,1,2,0,1,1,1,2,0,2,2,0,2,3,1,3,3,0,3,0,3,4,3,0,4,6,6,0,6,9,9
0,0,0,0,0,0,0,0,0,1,0,1,0,0,1,0,1,1,1,0,2,1,2,1,0,0,0,2,0,3,0,2,0,3,0,4,3,0,4,2,0,4,0,5,4,0,5,6,0,7,7,0,6,0,9,8,9,0,10,12,13,0,16,20,24
0,0,0,0,0,0,0,0,0,0,1,0,0,0,0,1,0,0,0,1,0,1,0,0,1,0,0,0,0,0,1,0,0,0,2,0,0,2,0,1,0,0,2,0,0,2,0,0,0,0,0,2,0,3,0,0,3,3,0,0,0,4,0,0,5
0,0,0,0,0,0,0,0,0,0,0,1,0,0,0,0,1,0,0,0,1,1,1,0,0,0,0,1,0,1,0,1,0,1,0,3,1,0,3,1,0,1,0,3,1,0,3,3,0,3,3,0,3,0,6,3,6,0,6,6,6,0,10,10,15
0,0,0,0,0,0,0,0,0,0,0,0,1,0,0,0,0,0,1,0,0,0,0,0,0,0,0,0,1,0,0,1,0,0,0,0,1,0,0,1,0,1,0,1,1,0,1,1,1,1,1,0,1,0,1,2,1,0,2,3,3,0,3,5,5
0,0,0,0,0,0,0,0,0,0,0,0,0,1,0,1,0,1,0,0,0,1,0,0,0,0,1,0,0,0,0,0,2,0,1,0,0,3,0,1,0,0,1,0,2,1,2,0,0,0,3,1,2,3,0,3,6,3,3,0,4,6,4,5,15
0,0,0,0,0,0,0,0,0,0,0,0,0,0,1,0,1,1,1,0,1,1,0,1,0,0,0,2,0,2,0,2,0,3,0,2,3,0,4,3,0,4,0,5,5,1,6,3,0,7,8,1,8,0,9,11,12,2,14,12,18,3,24,30,45
0,0,0,0,0,0,0,0,0,0,0,0,0,0,0,1,0,0,0,1,0,1,0,0,1,0,1,0,0,0,1,0,1,0,2,0,0,4,0,2,0,0,3,0,1,3,2,0,0,0,2,4,2,6,0,2,9,7,3,0,3,12,4,4,24
0,0,0,0,0,0,0,0,0,0,0,0,0,0,0,0,1,0,0,0,1,1,0,0,0,1,0,1,0,1,0,1,0,1,0,2,1,0,4,2,0,2,0,4,2,2,4,2,0,4,4,2,6,0,8,6,11,3,11,8,11,4,20,20,40
0,0,0,0,0,0,0,0,0,0,0,0,0,0,0,0,0,1,0,0,0,1,0,1,0,0,1,1,0,0,0,1,1,2,0,0,2,2,2,2,0,2,1,2,4,1,5,0,0,3,7,2,6,2,3,8,11,4,10,4,13,8,16,20,40
0,0,0,0,0,0,0,0,0,0,0,0,0,0,0,0,0,0,1,0,1,0,0,1,0,0,0,1,1,1,0,2,0,1,0,1,3,0,1,2,1,3,0,4,3,0,4,3,2,5,5,0,6,0,6,8,6,0,10,12,14,0,17,25,30
0,0,0,0,0,0,0,0,0,0,0,0,0,0,0,0,0,0,0,1,0,0,0,0,1,0,0,0,0,0,1,0,0,0,1,0,0,1,0,1,0,0,2,0,0,2,0,0,0,0,0,3,0,3,0,0,3,4,0,0,0,6,0,0,9
0,0,0,0,0,0,0,0,0,0,0,0,0,0,0,0,0,0,0,0,1,0,0,0,0,0,0,1,0,1,0,1,0,1,0,2,1,0,2,1,0,2,0,4,2,0,4,3,0,5,5,0,6,0,9,7,9,0,12,12,15,0,24,30,45
0,0,0,0,0,0,0,0,0,0,0,0,0,0,0,0,0,0,0,0,0,1,0,0,1,0,0,1,0,0,1,1,0,1,0,0,1,2,2,3,0,1,2,2,2,3,4,0,0,2,4,4,5,3,3,5,12,7,9,3,9,12,15,15,45
0,0,0,0,0,0,0,0,0,0,0,0,0,0,0,0,0,0,0,0,0,0,1,0,0,0,0,0,0,1,0,0,0,1,0,1,1,0,1,0,0,1,0,1,1,0,1,3,0,3,3,0,1,0,3,3,3,0,3,6,6,0,6,10,10
0,0,0,0,0,0,0,0,0,0,0,0,0,0,0,0,0,0,0,0,0,0,0,1,0,0,0,1,0,0,0,1,0,1,0,0,2,0,1,1,1,2,0,2,2,0,3,0,1,3,4,1,5,0,3,6,5,1,8,6,11,2,14,20,30
0,0,0,0,0,0,0,0,0,0,0,0,0,0,0,0,0,0,0,0,0,0,0,0,1,0,0,0,0,0,1,0,0,0,0,0,0,1,0,2,0,0,2,0,1,3,1,0,0,0,1,4,2,3,0,2,6,7,3,0,3,12,5,5,30
0,0,0,0,0,0,0,0,0,0,0,0,0,0,0,0,0,0,0,0,0,0,0,0,0,1,0,0,0,0,0,0,0,0,0,0,0,0,1,1,0,1,0,1,1,2,1,0,0,1,1,3,3,0,2,3,5,4,5,2,5,6,10,10,30
0,0,0,0,0,0,0,0,0,0,0,0,0,0,0,0,0,0,0,0,0,0,0,0,0,0,1,0,0,0,0,0,1,0,0,0,0,2,0,1,0,0,1,0,2,1,3,0,0,0,4,2,4,3,0,5,9,5,7,0,9,12,12,15,45
0,0,0,0,0,0,0,0,0,0,0,0,0,0,0,0,0,0,0,0,0,0,0,0,0,0,0,1,0,0,0,1,0,1,0,0,1,0,2,2,0,2,0,3,3,1,5,0,0,4,6,2,8,0,6,10,12,4,16,8,20,8,32,40,80
0,0,0,0,0,0,0,0,0,0,0,0,0,0,0,0,0,0,0,0,0,0,0,0,0,0,0,0,1,0,0,0,0,0,0,0,1,0,0,0,1,1,0,1,1,0,1,2,2,2,2,0,2,0,2,4,2,0,4,8,8,0,8,16,16
0,0,0,0,0,0,0,0,0,0,0,0,0,0,0,0,0,0,0,0,0,0,0,0,0,0,0,0,0,1,0,0,0,1,0,1,1,0,1,0,0,2,0,2,2,0,2,3,0,5,5,0,3,0,6,7,6,0,8,12,15,0,18,30,36
0,0,0,0,0,0,0,0,0,0,0,0,0,0,0,0,0,0,0,0,0,0,0,0,0,0,0,0,0,0,1,0,0,0,0,0,0,0,0,1,0,0,1,0,0,1,0,0,0,0,0,1,0,1,0,0,1,2,0,0,0,3,0,0,5
0,0,0,0,0,0,0,0,0,0,0,0,0,0,0,0,0,0,0,0,0,0,0,0,0,0,0,0,0,0,0,1,0,0,0,0,1,0,0,1,0,1,0,2,1,0,2,0,1,2,2,0,3,0,3,4,3,0,7,6,9,0,14,20,30
0,0,0,0,0,0,0,0,0,0,0,0,0,0,0,0,0,0,0,0,0,0,0,0,0,0,0,0,0,0,0,0,1,0,0,0,0,1,0,0,0,0,0,0,1,0,1,0,0,0,3,0,1,1,0,3,4,1,3,0,6,4,6,10,20
0,0,0,0,0,0,0,0,0,0,0,0,0,0,0,0,0,0,0,0,0,0,0,0,0,0,0,0,0,0,0,0,0,1,0,0,1,0,1,0,0,1,0,1,2,0,2,0,0,3,5,0,3,0,3,7,6,1,8,6,15,3,18,30,45
0,0,0,0,0,0,0,0,0,0,0,0,0,0,0,0,0,0,0,0,0,0,0,0,0,0,0,0,0,0,0,0,0,0,1,0,0,1,0,0,0,0,1,0,0,1,0,0,0,0,0,1,0,3,0,0,3,3,0,0,0,6,0,0,10
0,0,0,0,0,0,0,0,0,0,0,0,0,0,0,0,0,0,0,0,0,0,0,0,0,0,0,0,0,0,0,0,0,0,0,1,0,0,1,0,0,0,0,1,0,0,1,1,0,1,1,0,1,0,4,1,4,0,4,4,4,0,10,10,20
0,0,0,0,0,0,0,0,0,0,0,0,0,0,0,0,0,0,0,0,0,0,0,0,0,0,0,0,0,0,0,0,0,0,0,0,1,0,0,0,1,1,0,1,1,0,1,0,2,2,2,0,3,0,2,5,2,0,6,8,11,0,13,25,30
0,0,0,0,0,0,0,0,0,0,0,0,0,0,0,0,0,0,0,0,0,0,0,0,0,0,0,0,0,0,0,0,0,0,0,0,0,1,0,0,0,0,1,0,0,1,1,0,0,0,1,2,1,3,0,1,6,5,3,0,3,12,6,6,36
0,0,0,0,0,0,0,0,0,0,0,0,0,0,0,0,0,0,0,0,0,0,0,0,0,0,0,0,0,0,0,0,0,0,0,0,0,0,1,0,0,0,0,1,0,1,1,0,0,1,1,1,2,0,3,2,6,3,6,3,6,6,15,15,45
0,0,0,0,0,0,0,0,0,0,0,0,0,0,0,0,0,0,0,0,0,0,0,0,0,0,0,0,0,0,0,0,0,0,0,0,0,0,0,1,0,0,0,0,1,1,1,0,0,0,1,1,2,0,0,3,3,3,4,0,5,6,8,10,30
0,0,0,0,0,0,0,0,0,0,0,0,0,0,0,0,0,0,0,0,0,0,0,0,0,0,0,0,0,0,0,0,0,0,0,0,0,0,0,0,1,0,0,0,0,0,0,0,1,0,0,0,1,0,0,1,0,0,1,2,2,0,2,5,5
0,0,0,0,0,0,0,0,0,0,0,0,0,0,0,0,0,0,0,0,0,0,0,0,0,0,0,0,0,0,0,0,0,0,0,0,0,0,0,0,0,1,0,1,1,0,1,0,0,2,2,0,3,0,3,5,3,0,7,6,12,0,18,30,45
0,0,0,0,0,0,0,0,0,0,0,0,0,0,0,0,0,0,0,0,0,0,0,0,0,0,0,0,0,0,0,0,0,0,0,0,0,0,0,0,0,0,1,0,0,1,0,0,0,0,0,2,0,2,0,0,2,4,0,0,0,8,0,0,16
0,0,0,0,0,0,0,0,0,0,0,0,0,0,0,0,0,0,0,0,0,0,0,0,0,0,0,0,0,0,0,0,0,0,0,0,0,0,0,0,0,0,0,1,0,0,1,0,0,1,1,0,2,0,3,2,3,0,6,4,7,0,16,20,40
0,0,0,0,0,0,0,0,0,0,0,0,0,0,0,0,0,0,0,0,0,0,0,0,0,0,0,0,0,0,0,0,0,0,0,0,0,0,0,0,0,0,0,0,1,0,1,0,0,0,2,0,2,0,0,4,3,1,5,0,9,4,12,20,40
0,0,0,0,0,0,0,0,0,0,0,0,0,0,0,0,0,0,0,0,0,0,0,0,0,0,0,0,0,0,0,0,0,0,0,0,0,0,0,0,0,0,0,0,0,1,0,0,0,0,0,2,1,0,0,1,2,4,2,0,2,8,5,5,30
0,0,0,0,0,0,0,0,0,0,0,0,0,0,0,0,0,0,0,0,0,0,0,0,0,0,0,0,0,0,0,0,0,0,0,0,0,0,0,0,0,0,0,0,0,0,1,0,0,0,1,1,2,0,0,2,3,2,5,0,6,6,12,15,45
0,0,0,0,0,0,0,0,0,0,0,0,0,0,0,0,0,0,0,0,0,0,0,0,0,0,0,0,0,0,0,0,0,0,0,0,0,0,0,0,0,0,0,0,0,0,0,1,0,1,1,0,0,0,1,1,1,0,1,4,4,0,4,10,10
0,0,0,0,0,0,0,0,0,0,0,0,0,0,0,0,0,0,0,0,0,0,0,0,0,0,0,0,0,0,0,0,0,0,0,0,0,0,0,0,0,0,0,0,0,0,0,0,1,0,0,0,0,0,0,1,0,0,1,3,3,0,3,9,9
0,0,0,0,0,0,0,0,0,0,0,0,0,0,0,0,0,0,0,0,0,0,0,0,0,0,0,0,0,0,0,0,0,0,0,0,0,0,0,0,0,0,0,0,0,0,0,0,0,1,1,0,0,0,1,2,1,0,2,4,7,0,8,20,24
0,0,0,0,0,0,0,0,0,0,0,0,0,0,0,0,0,0,0,0,0,0,0,0,0,0,0,0,0,0,0,0,0,0,0,0,0,0,0,0,0,0,0,0,0,0,0,0,0,0,1,0,0,0,0,1,1,0,1,0,4,1,4,10,15
0,0,0,0,0,0,0,0,0,0,0,0,0,0,0,0,0,0,0,0,0,0,0,0,0,0,0,0,0,0,0,0,0,0,0,0,0,0,0,0,0,0,0,0,0,0,0,0,0,0,0,1,0,0,0,0,0,1,0,0,0,2,0,0,5
0,0,0,0,0,0,0,0,0,0,0,0,0,0,0,0,0,0,0,0,0,0,0,0,0,0,0,0,0,0,0,0,0,0,0,0,0,0,0,0,0,0,0,0,0,0,0,0,0,0,0,0,1,0,0,1,0,0,2,0,3,0,6,10,20
0,0,0,0,0,0,0,0,0,0,0,0,0,0,0,0,0,0,0,0,0,0,0,0,0,0,0,0,0,0,0,0,0,0,0,0,0,0,0,0,0,0,0,0,0,0,0,0,0,0,0,0,0,1,0,0,1,1,0,0,0,4,0,0,10
0,0,0,0,0,0,0,0,0,0,0,0,0,0,0,0,0,0,0,0,0,0,0,0,0,0,0,0,0,0,0,0,0,0,0,0,0,0,0,0,0,0,0,0,0,0,0,0,0,0,0,0,0,0,1,0,1,0,1,1,1,0,5,5,15
0,0,0,0,0,0,0,0,0,0,0,0,0,0,0,0,0,0,0,0,0,0,0,0,0,0,0,0,0,0,0,0,0,0,0,0,0,0,0,0,0,0,0,0,0,0,0,0,0,0,0,0,0,0,0,1,0,0,1,0,3,0,4,10,15
0,0,0,0,0,0,0,0,0,0,0,0,0,0,0,0,0,0,0,0,0,0,0,0,0,0,0,0,0,0,0,0,0,0,0,0,0,0,0,0,0,0,0,0,0,0,0,0,0,0,0,0,0,0,0,0,1,1,1,0,1,4,4,4,24
0,0,0,0,0,0,0,0,0,0,0,0,0,0,0,0,0,0,0,0,0,0,0,0,0,0,0,0,0,0,0,0,0,0,0,0,0,0,0,0,0,0,0,0,0,0,0,0,0,0,0,0,0,0,0,0,0,1,0,0,0,3,0,0,9
0,0,0,0,0,0,0,0,0,0,0,0,0,0,0,0,0,0,0,0,0,0,0,0,0,0,0,0,0,0,0,0,0,0,0,0,0,0,0,0,0,0,0,0,0,0,0,0,0,0,0,0,0,0,0,0,0,0,1,0,1,0,4,5,15
0,0,0,0,0,0,0,0,0,0,0,0,0,0,0,0,0,0,0,0,0,0,0,0,0,0,0,0,0,0,0,0,0,0,0,0,0,0,0,0,0,0,0,0,0,0,0,0,0,0,0,0,0,0,0,0,0,0,0,1,1,0,1,5,5
0,0,0,0,0,0,0,0,0,0,0,0,0,0,0,0,0,0,0,0,0,0,0,0,0,0,0,0,0,0,0,0,0,0,0,0,0,0,0,0,0,0,0,0,0,0,0,0,0,0,0,0,0,0,0,0,0,0,0,0,1,0,1,5,6
0,0,0,0,0,0,0,0,0,0,0,0,0,0,0,0,0,0,0,0,0,0,0,0,0,0,0,0,0,0,0,0,0,0,0,0,0,0,0,0,0,0,0,0,0,0,0,0,0,0,0,0,0,0,0,0,0,0,0,0,0,1,0,0,5
0,0,0,0,0,0,0,0,0,0,0,0,0,0,0,0,0,0,0,0,0,0,0,0,0,0,0,0,0,0,0,0,0,0,0,0,0,0,0,0,0,0,0,0,0,0,0,0,0,0,0,0,0,0,0,0,0,0,0,0,0,0,1,1,6
0,0,0,0,0,0,0,0,0,0,0,0,0,0,0,0,0,0,0,0,0,0,0,0,0,0,0,0,0,0,0,0,0,0,0,0,0,0,0,0,0,0,0,0,0,0,0,0,0,0,0,0,0,0,0,0,0,0,0,0,0,0,0,1,1
0,0,0,0,0,0,0,0,0,0,0,0,0,0,0,0,0,0,0,0,0,0,0,0,0,0,0,0,0,0,0,0,0,0,0,0,0,0,0,0,0,0,0,0,0,0,0,0,0,0,0,0,0,0,0,0,0,0,0,0,0,0,0,0,1