1,0,1,1,1
0,1,0,0,x
0,0,1,1,x^2+1
0,0,0,1,1
0,0,0,0,1

1,0,1,1,1,1
0,1,0,1,0,x^2
0,0,1,1,1,x^4+1
0,0,0,1,1,x^2+1
0,0,0,0,1,1
0,0,0,0,0,1

1,0,1,0,1,1,0,1,1,1
0,1,0,0,0,x,x,x,x,x^3+x
0,0,1,0,1,1,0,x^2+1,x^2+1,x^4+x^2+1
0,0,0,1,0,0,0,0,x,x
0,0,0,0,1,1,0,1,x^2+1,x^4+x^2+1
0,0,0,0,0,1,1,1,1,x^4+x^2+1
0,0,0,0,0,0,1,0,0,x^2
0,0,0,0,0,0,0,1,1,x^4+x^2+1
0,0,0,0,0,0,0,0,1,x^2+1
0,0,0,0,0,0,0,0,0,1

1,0,1,0,0,1,1,1,0,1,1,0,1,0,1,1,0,1,1,1
0,1,0,0,0,0,0,x,x,x,x,0,x,x^2,x,x,x^2,x^3+x,x^3+x,x^5+x^3+x
0,0,1,0,0,1,1,1,0,x^2+1,1,0,x^2+1,0,x^2+1,x^2+1,0,x^4+x^2+1,x^4+x^2+1,x^6+x^4+x^2+1
0,0,0,1,0,0,1,0,0,0,0,x,0,0,0,x^2,0,0,x^2,x^2
0,0,0,0,1,0,0,1,1,0,0,0,0,0,x^2,x^2,x^3,x^2,x^2,x^6+x^2
0,0,0,0,0,1,1,1,0,1,1,0,x^2+1,0,x^2+1,x^4+x^2+1,0,x^4+x^2+1,2x^4+x^2+1,x^8+x^6+2x^4+x^2+1
0,0,0,0,0,0,1,0,0,0,1,x,1,0,1,x^2+1,0,1,x^4+x^2+1,x^6+x^4+x^2+1
0,0,0,0,0,0,0,1,1,1,1,0,1,x,x^2+1,x^2+1,x^3+x,x^4+2x^2+1,x^4+2x^2+1,x^8+2x^6+2x^4+2x^2+1
0,0,0,0,0,0,0,0,1,0,0,0,0,x,0,0,x^3+x,x^2,x^2,x^6+x^4+x^2
0,0,0,0,0,0,0,0,0,1,0,0,1,0,1,1,0,x^4+x^2+1,x^4+x^2+1,x^8+x^6+2x^4+x^2+1
0,0,0,0,0,0,0,0,0,0,1,0,1,x,1,1,x,x^2+1,x^4+x^2+1,x^8+x^6+2x^4+x^2+1
0,0,0,0,0,0,0,0,0,0,0,1,0,0,0,x,0,0,x^3+x,x^5+x^3+x
0,0,0,0,0,0,0,0,0,0,0,0,1,0,1,x^2+1,0,x^2+1,x^4+2x^2+1,x^8+2x^6+2x^4+2x^2+1
0,0,0,0,0,0,0,0,0,0,0,0,0,1,0,0,x^2+1,x,x,x^7+x^5+x^3+x
0,0,0,0,0,0,0,0,0,0,0,0,0,0,1,1,x,x^2+1,x^2+1,x^8+x^6+2x^4+x^2+1
0,0,0,0,0,0,0,0,0,0,0,0,0,0,0,1,0,0,1,x^4+1
0,0,0,0,0,0,0,0,0,0,0,0,0,0,0,0,1,0,0,x^3
0,0,0,0,0,0,0,0,0,0,0,0,0,0,0,0,0,1,1,x^6+x^4+x^2+1
0,0,0,0,0,0,0,0,0,0,0,0,0,0,0,0,0,0,1,x^4+x^2+1
0,0,0,0,0,0,0,0,0,0,0,0,0,0,0,0,0,0,0,1

1,1,1,1,1,0,1,1,1,1,1,1,1
0,1,1,1,1,x,1,1,x^2+1,x^2+1,x^2+1,2x^2+1,x^4+2x^2+1
0,0,1,0,0,0,1,1,x^2+1,1,1,x^2+1,x^4+x^2+1
0,0,0,1,0,0,1,1,1,x^2+1,1,x^2+1,x^4+x^2+1
0,0,0,0,1,0,1,1,1,1,x^2+1,x^2+1,x^4+x^2+1
0,0,0,0,0,1,0,0,x,x,x,x^3+2x,2x^5+2x^3+2x
0,0,0,0,0,0,1,1,x^2+1,x^2+1,x^2+1,3x^2+1,x^6+3x^4+3x^2+1
0,0,0,0,0,0,0,1,1,1,1,1,x^4+1
0,0,0,0,0,0,0,0,1,0,0,1,x^4+x^2+1
0,0,0,0,0,0,0,0,0,1,0,1,x^4+x^2+1
0,0,0,0,0,0,0,0,0,0,1,1,x^4+x^2+1
0,0,0,0,0,0,0,0,0,0,0,1,x^4+2x^2+1
0,0,0,0,0,0,0,0,0,0,0,0,1
