(13)
(11,1,1)(11)
(11,1,1)
931(11,11)
931(2,11)
931
751(11,11)
751(2,11)
751
922
91111(11)
91111
661
733(11)
733
73111(11,11)
73111(11,2)
73111
553(11)
553
55111(11)
55111
72211(11)
72211
544
53311(11,11)
53311(11,2)
53311(2,11)
53311
44311(11)
44311
53221(11,11)
53221(2,11)
53221
7111111(11)
7111111
44221
5311111(11,11)
5311111(11,2)
5311111
33331(11)
33331
52222
4411111
5221111(11)
5221111
33322
3331111(11)
3331111
3322111(11)
3322111
3222211(11)
3222211
511111111(11)
511111111
331111111(11)
331111111
322111111(11)
322111111
2222221
222211111
31111111111(11)
31111111111
22111111111
1111111111111
