(15)
(13,1,1)(11)
(13,1,1)
(11,3,1)(11,11)
(11,3,1)(2,11)
(11,3,1)
951(11,11)
951(2,11)
951
(11,2,2)
(11,1,1,1,1)(11)
(11,1,1,1,1)
771(11)
771
933(11)
933
93111(11,11)
93111(11,2)
93111
753(11,11)
753(2,11)
753
75111(11,11)
75111(11,2)
75111
92211(11)
92211
663
744
66111
73311(11,11)
73311(11,2)
73311(2,11)
73311
555
55311(11,11)
55311(11,2)
55311(2,11)
55311
73221(11,11)
73221(2,11)
73221
9111111(11)
9111111
54411(11)
54411
55221(11)
55221
7311111(11,11)
7311111(11,2)
7311111
53331(11,11)
53331(11,2)
53331
72222
5511111(11)
5511111
7221111(11)
7221111
44331(11)
44331
53322(11)
53322
5331111(11,11)
5331111(11,2)
5331111(2,11)
5331111
44322
4431111(11)
4431111
5322111(11,11)
5322111(11,2)
5322111
4422111
33333
3333111(11)
3333111
5222211(11)
5222211
711111111(11)
711111111
3332211(11)
3332211
531111111(11,11)
531111111(11,2)
531111111
441111111
522111111(11)
522111111
3322221(11)
3322221
333111111(11)
333111111
332211111(11)
332211111
3222222
322221111(11)
322221111
51111111111(11)
51111111111
222222111
33111111111(11)
33111111111
32211111111(11)
32211111111
22221111111
3111111111111(11)
3111111111111
2211111111111
111111111111111
