(12)
(10,2)(11)
(10,2)
84(11)
84
(10,1,1)
66(11)
66
822(11)
822
8211(11)
8211
642(11,11)
642(2,11)
642
6411(11)
6411
552
633
6222(11)
6222
5511
81111
444
4422(11,11)
4422(11,2)
4422(2,11)
4422
62211(11)
62211
4332(11)
4332
44211(11)
44211
621111(11)
621111
43311
441111(11)
441111
3333
42222(11)
42222
422211(11)
422211
33222
332211(11)
332211
6111111
4221111(11)
4221111
3321111
222222(11)
222222
42111111(11)
42111111
2222211
33111111
22221111(11)
22221111
411111111
222111111
2211111111(11)
2211111111
21111111111
111111111111
