(14)
(12,2)(11)
(12,2)
(10,4)(11)
(10,4)
(12,1,1)
86(11)
86
(10,2,2)(11)
(10,2,2)
(10,2,1,1)(11)
(10,2,1,1)
77
842(11,11)
842(2,11)
842
8411(11)
8411
662(11)
662
833
8222(11)
8222
6611(11)
6611
(10,1,1,1,1)
644(11)
644
6422(11,11)
6422(11,2)
6422(2,11)
6422
82211(11)
82211
554
5522(11)
5522
6332(11)
6332
64211(11,11)
64211(2,11)
64211
4442(11)
4442
821111(11)
821111
55211
63311
641111(11)
641111
4433(11)
4433
62222(11)
62222
44411
622211(11)
622211
551111
44222(11)
44222
442211(11,11)
442211(11,2)
442211(2,11)
442211
43322(11)
43322
8111111
433211(11)
433211
6221111(11)
6221111
33332
4421111(11)
4421111
422222(11)
422222
333311
4331111
332222(11)
332222
62111111(11)
62111111
4222211(11)
4222211
44111111(11)
44111111
3322211
42221111(11)
42221111
33221111(11)
33221111
611111111
2222222
422111111(11)
422111111
22222211(11)
22222211
332111111
222221111
4211111111(11)
4211111111
3311111111
2222111111(11)
2222111111
41111111111
22211111111
221111111111(11)
221111111111
2111111111111
11111111111111
