Coefficients of X_phi on Y_psi for C4

       |8 62(11) 62 44(11) 44 611 422(11) 422 4211(11)  4211 332  3311 2222(11)  2222 41111  22211 221111(11)     221111         2111111             11111111
______________________________________________________________________________________________________________________________________________________________
X4.    |1      0  1      0  1   1       0   1        0     1   1     1        0     1     1      1          0          1               1                    1
X.4    |0      1  0      1  0   0       0   0        x     0   0     x        x     0     0      0        x^2          0               0                  x^3
X3.1   |0      0  1      0  1   1       0   1        0 x^2+1   1 x^2+1        0 x^2+1 x^2+1  x^2+1          0  x^4+x^2+1       x^4+x^2+1        x^6+x^4+x^2+1
X1.3   |0      0  0      1  0   0       0   0        x     0   x    2x        x     x     0      x    x^4+x^2          x               x        x^7+x^5+x^3+x
X2.2   |0      0  0      0  1   0       0   1        0     1   1 x^2+1      x^2 x^2+1     1  x^2+1        x^3  x^4+x^2+1       x^4+x^2+1   x^8+x^6+2x^4+x^2+1
X31.   |0      0  0      0  0   1       0   1        0     1   1     1        0     1 x^2+1  x^2+1          0      x^2+1       x^4+x^2+1            x^4+x^2+1
X22.   |0      0  0      0  0   0       1   0        0     0   0     0        0     x     x      x          0          x           x^5+x                x^5+x
X21.1  |0      0  0      0  0   0       0   1        0     1   1     1        0 x^2+1 x^2+1 2x^2+1          0 x^4+2x^2+1 x^6+2x^4+2x^2+1 x^8+2x^6+2x^4+2x^2+1
X.31   |0      0  0      0  0   0       0   0        1     0   0     1        1     0     0      0      x^3+x          0               0          x^6+x^4+x^2
X2.11  |0      0  0      0  0   0       0   0        0     1   0     1        0     1     1      1          0  x^4+x^2+1       x^4+x^2+1   x^8+x^6+2x^4+x^2+1
X11.2  |0      0  0      0  0   0       0   0        0     0   1     1        0     1     0  x^2+1        x^3      x^2+1       x^4+x^2+1   x^8+x^6+2x^4+x^2+1
X1.21  |0      0  0      0  0   0       0   0        0     0   0     1        1     1     0      1      x^3+x      x^2+1           x^2+1 x^8+2x^6+2x^4+2x^2+1
X.22   |0      0  0      0  0   0       0   0        0     0   0     0        1     0     0      0          x          0               0              x^6+x^2
X11.11 |0      0  0      0  0   0       0   0        0     0   0     0        0     1     0      1          0      x^2+1       x^4+x^2+1   x^8+x^6+2x^4+x^2+1
X211.  |0      0  0      0  0   0       0   0        0     0   0     0        0     0     1      1          0          1       x^4+x^2+1            x^4+x^2+1
X111.1 |0      0  0      0  0   0       0   0        0     0   0     0        0     0     0      1          0          1       x^4+x^2+1        x^6+x^4+x^2+1
X.211  |0      0  0      0  0   0       0   0        0     0   0     0        0     0     0      0          1          0               0            x^5+x^3+x
X1.111 |0      0  0      0  0   0       0   0        0     0   0     0        0     0     0      0          0          1               1        x^6+x^4+x^2+1
X1111. |0      0  0      0  0   0       0   0        0     0   0     0        0     0     0      0          0          0               1                    1
X.1111 |0      0  0      0  0   0       0   0        0     0   0     0        0     0     0      0          0          0               0                    1

