Coefficients of X_phi on Y_psi for B3

      |7 511(11) 511 331(11) 331 322 31111(11) 31111 22111   1111111
_____________________________________________________________________
X3.   |1       0   1       0   1   1         0     1     1         1
X21.  |0       1   0       0   0   x         x     x     x     x^3+x
X2.1  |0       0   1       0   1   1         0 x^2+1 x^2+1 x^4+x^2+1
X.3   |0       0   0       1   0   0         0     0     x         x
X1.2  |0       0   0       0   1   1         0     1 x^2+1 x^4+x^2+1
X11.1 |0       0   0       0   0   1         1     1     1 x^4+x^2+1
X111. |0       0   0       0   0   0         1     0     0       x^2
X1.11 |0       0   0       0   0   0         0     1     1 x^4+x^2+1
X.21  |0       0   0       0   0   0         0     0     1     x^2+1
X.111 |0       0   0       0   0   0         0     0     0         1
