Coefficients of X_phi on Y_psi for C3

      |6 42(11) 42 33 411 222 2211(11)  2211 21111    111111
_____________________________________________________________
X3.   |1      0  1  1   1   1        0     1     1         1
X.3   |0      1  0  1   0   0        x     0     0       x^2
X2.1  |0      0  1  1   1   1        0 x^2+1 x^2+1 x^4+x^2+1
X1.2  |0      0  0  1   0   1        x     1     1 x^4+x^2+1
X21.  |0      0  0  0   1   1        0     1 x^2+1     x^2+1
X11.1 |0      0  0  0   0   1        0     1 x^2+1 x^4+x^2+1
X.21  |0      0  0  0   0   0        1     0     0     x^3+x
X1.11 |0      0  0  0   0   0        0     1     1 x^4+x^2+1
X111. |0      0  0  0   0   0        0     0     1         1
X.111 |0      0  0  0   0   0        0     0     0         1

