1111111.
111111.1
11111.11
1111.111
111.1111
11.11111
1.111111
.1111111
211111.
11111.2
21111.1
1111.21
2111.11
111.211
211.111
11.2111
21.1111
1.21111
2.11111
.211111
22111.
2111.2
111.22
2211.1
211.21
11.221
221.11
21.211
1.2211
22.111
2.2111
.22111
2221.
221.2
21.22
1.222
222.1
22.21
2.221
.2221
31111.
1111.3
3111.1
111.31
311.11
11.311
31.111
1.3111
3.1111
.31111
3211.
211.3
311.2
11.32
321.1
21.31
31.21
1.321
32.11
2.311
3.211
.3211
322.
22.3
32.2
2.32
3.22
.322
331.
31.3
1.33
33.1
3.31
.331
4111.
111.4
411.1
11.41
41.11
1.411
4.111
.4111
421.
21.4
41.2
1.42
42.1
2.41
4.21
.421
43.
3.4
4.3
.43
511.
11.5
51.1
1.51
5.11
.511
52.
2.5
5.2
.52
61.
1.6
6.1
.61
7.
.7
