Coefficients of X_phi on Y_psi for D4

       |71 53 5111 44+ 44- 3311(11) 3311 3221 311111 2222+ 2222- 221111        11111111
________________________________________________________________________________________
X.4    | 1  1    1   1   1        0    1    1      1     1     1      1               1
X1.3   | 0  1    1   1   1        x    1    1  x^2+1 x^2+1 x^2+1 2x^2+1      x^4+2x^2+1
X.31   | 0  0    1   0   0        0    1    1  x^2+1     1     1  x^2+1       x^4+x^2+1
X2-    | 0  0    0   1   0        0    1    1      1 x^2+1     1  x^2+1       x^4+x^2+1
X2+    | 0  0    0   0   1        0    1    1      1     1 x^2+1  x^2+1       x^4+x^2+1
X11.2  | 0  0    0   0   0        1    0    0      x     x     x x^3+2x    2x^5+2x^3+2x
X1.21  | 0  0    0   0   0        0    1    1  x^2+1 x^2+1 x^2+1 3x^2+1 x^6+3x^4+3x^2+1
X.22   | 0  0    0   0   0        0    0    1      1     1     1      1           x^4+1
X.211  | 0  0    0   0   0        0    0    0      1     0     0      1       x^4+x^2+1
X11-   | 0  0    0   0   0        0    0    0      0     1     0      1       x^4+x^2+1
X11+   | 0  0    0   0   0        0    0    0      0     0     1      1       x^4+x^2+1
X1.111 | 0  0    0   0   0        0    0    0      0     0     0      1      x^4+2x^2+1
X.1111 | 0  0    0   0   0        0    0    0      0     0     0      0               1
