N = 3
M = 4

set of gaps {1, 2, 5}

Ngen 0-normalized   area    codinv  Cogen          Gen - 0        Haglund

[0, 4, 8]           3       3       [5]            []             [0, 0, 0]      
[0, 4, 5]           2       2       [1, 2]         [5]            [0, 1, 0]      
[0, 1, 5]           1       2       [2]            [1]            [1, 0, 0]      
[0, 2, 4]           1       1       [1]            [2]            [1, 1, 0]      
[0, 1, 2]           0       0       []             [1, 2]         [2, 1, 0]      


N = 3
M = 5

set of gaps {1, 2, 4, 7}

Ngen 0-normalized   area    codinv  Cogen          Gen - 0        Haglund

[0, 5, 10]          4       4       [7]            []             [-1, 0, 0]     
[0, 5, 7]           3       3       [2, 4]         [7]            [-1, 1, 0]     
[0, 2, 7]           2       3       [4]            [2]            [0, 0, 0]      
[0, 4, 5]           2       2       [1, 2]         [4]            [0, 1, 0]      
[0, 1, 5]           1       2       [2]            [1]            [1, 0, 0]      
[0, 2, 4]           1       1       [1]            [2, 4]         [1, 1, 0]      
[0, 1, 2]           0       0       []             [1, 2]         [2, 1, 0]      


N = 3
M = 7

set of gaps {1, 2, 4, 5, 8, 11}

Ngen 0-normalized   area    codinv  Cogen          Gen - 0        Haglund

[0, 7, 14]          6       6       [11]           []             [-2, -1, 0]    
[0, 7, 11]          5       5       [4, 8]         [11]           [-2, 0, 0]     
[0, 4, 11]          4       5       [8]            [4]            [-1, -1, 0]    
[0, 7, 8]           4       4       [4, 5]         [8]            [-2, 1, 0]     
[0, 4, 8]           3       4       [1, 5]         [4, 8]         [-1, 0, 0]     
[0, 5, 7]           3       3       [2, 4]         [5]            [-1, 1, 0]     
[0, 1, 8]           2       4       [5]            [1]            [0, -1, 0]     
[0, 2, 7]           2       3       [4]            [2]            [0, 0, 0]      
[0, 4, 5]           2       2       [1, 2]         [4, 5]         [0, 1, 0]      
[0, 1, 5]           1       2       [2]            [1, 5]         [1, 0, 0]      
[0, 2, 4]           1       1       [1]            [2, 4]         [1, 1, 0]      
[0, 1, 2]           0       0       []             [1, 2]         [2, 1, 0]      


N = 4
M = 5

set of gaps {1, 2, 3, 6, 7, 11}

Ngen 0-normalized   area    codinv  Cogen          Gen - 0        Haglund

[0, 5, 10, 15]      6       6       [11]           []             [0, 0, 0, 0]   
[0, 5, 10, 11]      5       5       [6, 7]         [11]           [0, 0, 1, 0]   
[0, 5, 6, 11]       4       5       [1, 7]         [6]            [0, 1, 0, 0]   
[0, 5, 7, 10]       4       4       [3, 6]         [7]            [0, 1, 1, 0]   
[0, 1, 6, 11]       3       5       [7]            [1]            [1, 0, 0, 0]   
[0, 3, 5, 10]       3       4       [6]            [3]            [1, 1, 0, 0]   
[0, 5, 6, 7]        3       3       [1, 2, 3]      [6, 7]         [0, 2, 1, 0]   
[0, 1, 6, 7]        2       4       [2, 3]         [1, 7]         [1, 0, 1, 0]   
[0, 2, 5, 7]        2       3       [1, 3]         [2]            [1, 1, 1, 0]   
[0, 3, 5, 6]        2       2       [1, 2]         [3, 6]         [1, 2, 1, 0]   
[0, 1, 2, 7]        1       3       [3]            [1, 2]         [2, 1, 0, 0]   
[0, 1, 3, 6]        1       2       [2]            [1, 3]         [2, 1, 1, 0]   
[0, 2, 3, 5]        1       1       [1]            [2, 3]         [2, 2, 1, 0]   
[0, 1, 2, 3]        0       0       []             [1, 2, 3]      [3, 2, 1, 0]   


N = 5
M = 6

set of gaps {1, 2, 3, 4, 7, 8, 9, 13, 14, 19}

Ngen 0-normalized   area    codinv  Cogen          Gen - 0        Haglund

[0, 6, 12, 18, 24]  10      10      [19]           []             [0, 0, 0, 0, 0]
[0, 6, 12, 18, 19]  9       9       [13, 14]       [19]           [0, 0, 0, 1, 0]
[0, 6, 12, 13, 19]  8       9       [7, 14]        [13]           [0, 0, 1, 0, 0]
[0, 6, 12, 14, 18]  8       8       [9, 13]        [14]           [0, 0, 1, 1, 0]
[0, 6, 7, 13, 19]   7       9       [1, 14]        [7]            [0, 1, 0, 0, 0]
[0, 6, 9, 12, 18]   7       8       [4, 13]        [9]            [0, 1, 1, 0, 0]
[0, 6, 12, 13, 14]  7       7       [7, 8, 9]      [13, 14]       [0, 0, 2, 1, 0]
[0, 1, 7, 13, 19]   6       9       [14]           [1]            [1, 0, 0, 0, 0]
[0, 6, 7, 13, 14]   6       8       [1, 8, 9]      [7, 14]        [0, 1, 0, 1, 0]
[0, 4, 6, 12, 18]   6       8       [13]           [4]            [1, 1, 0, 0, 0]
[0, 6, 8, 12, 14]   6       7       [7, 9]         [8]            [0, 1, 1, 1, 0]
[0, 6, 9, 12, 13]   6       6       [4, 7, 8]      [9, 13]        [0, 1, 2, 1, 0]
[0, 1, 7, 13, 14]   5       8       [8, 9]         [1, 14]        [1, 0, 0, 1, 0]
[0, 6, 7, 8, 14]    5       7       [1, 2, 9]      [7, 8]         [0, 2, 1, 0, 0]
[0, 4, 6, 12, 13]   5       7       [7, 8]         [4, 13]        [1, 1, 0, 1, 0]
[0, 6, 7, 9, 13]    5       6       [1, 4, 8]      [7, 9]         [0, 2, 1, 1, 0]
[0, 6, 8, 9, 12]    5       5       [3, 4, 7]      [8, 9]         [0, 2, 2, 1, 0]
[0, 1, 7, 8, 14]    4       8       [2, 9]         [1, 8]         [1, 0, 1, 0, 0]
[0, 2, 6, 8, 14]    4       7       [1, 9]         [2]            [1, 1, 1, 0, 0]
[0, 1, 7, 9, 13]    4       7       [4, 8]         [1, 9]         [1, 0, 1, 1, 0]
[0, 4, 6, 7, 13]    4       6       [1, 8]         [4, 7]         [1, 2, 1, 0, 0]
[0, 3, 6, 9, 12]    4       6       [4, 7]         [3]            [1, 1, 1, 1, 0]
[0, 4, 6, 8, 12]    4       5       [3, 7]         [4, 8]         [1, 2, 1, 1, 0]
[0, 6, 7, 8, 9]     4       4       [1, 2, 3, 4]   [7, 8, 9]      [0, 3, 2, 1, 0]
[0, 1, 2, 8, 14]    3       7       [9]            [1, 2]         [2, 1, 0, 0, 0]
[0, 1, 7, 8, 9]     3       6       [2, 3, 4]      [1, 8, 9]      [1, 0, 2, 1, 0]
[0, 1, 4, 7, 13]    3       6       [8]            [1, 4]         [2, 1, 1, 0, 0]
[0, 3, 4, 6, 12]    3       5       [7]            [3, 4]         [2, 2, 1, 0, 0]
[0, 2, 6, 8, 9]     3       5       [1, 3, 4]      [2, 9]         [1, 1, 2, 1, 0]
[0, 3, 6, 7, 9]     3       4       [1, 2, 4]      [3, 7]         [1, 2, 2, 1, 0]
[0, 4, 6, 7, 8]     3       3       [1, 2, 3]      [4, 7, 8]      [1, 3, 2, 1, 0]
[0, 1, 2, 8, 9]     2       6       [3, 4]         [1, 2, 9]      [2, 1, 0, 1, 0]
[0, 1, 3, 7, 9]     2       5       [2, 4]         [1, 3]         [2, 1, 1, 1, 0]
[0, 2, 3, 6, 9]     2       4       [1, 4]         [2, 3]         [2, 2, 1, 1, 0]
[0, 1, 4, 7, 8]     2       4       [2, 3]         [1, 4, 8]      [2, 1, 2, 1, 0]
[0, 2, 4, 6, 8]     2       3       [1, 3]         [2, 4]         [2, 2, 2, 1, 0]
[0, 3, 4, 6, 7]     2       2       [1, 2]         [3, 4, 7]      [2, 3, 2, 1, 0]
[0, 1, 2, 3, 9]     1       4       [4]            [1, 2, 3]      [3, 2, 1, 0, 0]
[0, 1, 2, 4, 8]     1       3       [3]            [1, 2, 4]      [3, 2, 1, 1, 0]
[0, 1, 3, 4, 7]     1       2       [2]            [1, 3, 4]      [3, 2, 2, 1, 0]
[0, 2, 3, 4, 6]     1       1       [1]            [2, 3, 4]      [3, 3, 2, 1, 0]
[0, 1, 2, 3, 4]     0       0       []             [1, 2, 3, 4]   [4, 3, 2, 1, 0]


