N = 3
M = 4
X = {}

set of gaps {1, 2, 5}

Ngen_0              area   codinv Cogen                       Gen                     

0, 4, 8             3      3      5             0                                         
5, 0, 4             2      2      1, 2          1, 0          5             1             
1, 5, 0             1      2      2             0             1             1             
4, 2, 0             1      1      1             0             2             1             
0, 1, 2             0      0                                  1, 2          1, 2          


    0  1  2  3      0  1  2  3      0  1  2  3      
0   1                  1  1                  1      
1      1  1               1  1                      
2         1                  1                      
3            1                                      

0   1                  1  1                  1      
1      1  1               1  1                      
2         1                  1                      
3            1                                      

N = 4
M = 5
X = {}

set of gaps {1, 2, 3, 6, 7, 11}

Ngen_0              area   codinv Cogen                       Gen                     

0, 5, 10, 15        6      6      11            0                                         
11, 0, 5, 10        5      5      6, 7          1, 0          11            1             
6, 11, 0, 5         4      5      1, 7          1, 0          6             1             
10, 7, 0, 5         4      4      3, 6          1, 0          7             1             
1, 6, 11, 0         3      5      7             0             1             1             
5, 10, 3, 0         3      4      6             0             3             1             
5, 6, 7, 0          3      3      1, 2, 3       2, 1, 0       6, 7          1, 2          
0, 1, 6, 7          2      4      2, 3          1, 0          1, 7          1, 1          
0, 5, 2, 7          2      3      1, 3          1, 0          2             1             
0, 5, 6, 3          2      2      1, 2          1, 0          3, 6          1, 2          
7, 0, 1, 2          1      3      3             0             1, 2          1, 2          
3, 0, 1, 6          1      2      2             0             1, 3          1, 2          
3, 0, 5, 2          1      1      1             0             2, 3          1, 2          
2, 3, 0, 1          0      0                                  1, 2, 3       1, 2, 3       


    0  1  2  3  4  5  6      0  1  2  3  4  5  6      0  1  2  3  4  5  6      0  1  2  3  4  5  6      
0   1                           1  1  1                        1  1  1                           1      
1      1  1  1                     1  2  2  1                     1  1  1                               
2         1  1  1                     1  2  2                        1  1                               
3            1  1  1                     1  2  1                        1                               
4               1  1                        1  1                                                        
5                  1                           1                                                        
6                     1                                                                                 

0   1                           1  1  1                        1  1  1                           1      
1      1  1  1                     1  2  2  1                     1  1  1                               
2         1  1  1                     1  2  2                        1  1                               
3            1  1  1                     1  2  1                        1                               
4               1  1                        1  1                                                        
5                  1                           1                                                        
6                     1                                                                                 

N = 4
M = 7
X = {}

set of gaps {1, 2, 3, 5, 6, 9, 10, 13, 17}

Ngen_0              area   codinv Cogen                       Gen                     

0, 7, 14, 21        9      9      17            0                                         
7, 14, 17, 0        8      8      10, 13        1, 0          17            1             
10, 17, 0, 7        7      8      3, 13         1, 0          10            1             
14, 13, 0, 7        7      7      9, 10         1, 0          13            1             
17, 0, 3, 10        6      8      13            0             3             1             
9, 0, 7, 14         6      7      5, 10         1, 0          9             1             
13, 0, 7, 10        6      6      3, 6, 9       2, 1, 0       10, 13        1, 2          
0, 7, 14, 5         5      7      1, 10         1, 0          5             1             
0, 3, 10, 13        5      7      6, 9          1, 0          3, 13         1, 1          
0, 7, 6, 13         5      6      3, 9          1, 0          6             1             
0, 7, 10, 9         5      5      3, 5, 6       2, 1, 0       9, 10         1, 2          
7, 14, 1, 0         4      7      10            0             1             1             
3, 10, 9, 0         4      6      5, 6          1, 0          3, 9          1, 1          
3, 6, 13, 0         4      6      9             0             3, 6          1, 2          
7, 10, 5, 0         4      5      1, 3, 6       2, 1, 0       5, 10         1, 2          
7, 6, 9, 0          4      4      2, 3, 5       2, 1, 0       6, 9          1, 2          
10, 1, 0, 7         3      6      3, 6          1, 0          1, 10         1, 1          
10, 5, 0, 3         3      5      1, 6          1, 0          3, 5          1, 2          
2, 9, 0, 7          3      5      3, 5          1, 0          2             1             
6, 9, 0, 3          3      4      2, 5          1, 0          3, 6, 9       1, 2, 2       
6, 5, 0, 7          3      3      1, 2, 3       2, 1, 0       5, 6          1, 2          
1, 0, 3, 10         2      5      6             0             1, 3          1, 2          
9, 0, 3, 2          2      4      5             0             2, 3          1, 2          
1, 0, 7, 6          2      4      2, 3          1, 0          1, 6          1, 2          
5, 0, 7, 2          2      3      1, 3          1, 0          2, 5          1, 2          
5, 0, 3, 6          2      2      1, 2          1, 0          3, 5, 6       1, 2, 3       
0, 7, 2, 1          1      3      3             0             1, 2          1, 2          
0, 3, 6, 1          1      2      2             0             1, 3, 6       1, 2, 3       
0, 3, 2, 5          1      1      1             0             2, 3, 5       1, 2, 3       
3, 2, 1, 0          0      0                                  1, 2, 3       1, 2, 3       


    0  1  2  3  4  5  6  7  8  9      0  1  2  3  4  5  6  7  8  9      0  1  2  3  4  5  6  7  8  9      0  1  2  3  4  5  6  7  8  9      
0   1                                    1  1  1                                 1  1  1                                    1               
1      1  1  1                              1  2  3  2                              1  2  3  1                                 1  1         
2         1  1  2  1                           1  2  4  3  1                           1  2  3  1                                 1         
3            1  1  2  1                           1  2  4  3                              1  2  3                                    1      
4               1  1  2  1                           1  2  4  2                              1  2  1                                        
5                  1  1  2                              1  2  3                                 1  1                                        
6                     1  1  1                              1  2  1                                 1                                        
7                        1  1                                 1  1                                                                          
8                           1                                    1                                                                          
9                              1                                                                                                            

0   1                                    1  1  1                                 1  1  1                                    1               
1      1  1  1                              1  2  3  2                              1  2  3  1                                 1  1         
2         1  1  2  1                           1  2  4  3  1                           1  2  3  1                                 1         
3            1  1  2  1                           1  2  4  3                              1  2  3                                    1      
4               1  1  2  1                           1  2  4  2                              1  2  1                                        
5                  1  1  2                              1  2  3                                 1  1                                        
6                     1  1  1                              1  2  1                                 1                                        
7                        1  1                                 1  1                                                                          
8                           1                                    1                                                                          
9                              1                                                                                                            

N = 4
M = 7
X = {1, 2, 3, 5}

set of gaps {1, 2, 3, 5, 6, 9, 10, 13, 17}

Ngen_0              area   codinv Cogen                       Gen                     

0, 7, 14, 21        9      9      17            0                                         
7, 14, 17, 0        8      8      10, 13        1, 0          17            1             
10, 17, 0, 7        7      8      13            0             10            1             
14, 13, 0, 7        7      7      9, 10         1, 0          13            1             
9, 0, 7, 14         6      7      10            0             9             1             
13, 0, 7, 10        6      6      6, 9          1, 0          10, 13        1, 2          
0, 7, 6, 13         5      6      9             0             6             1             
0, 7, 10, 9         5      5      6             0             9, 10         1, 2          
7, 6, 9, 0          4      4                                  6, 9          1, 2          


    4  5  6  7  8  9      4  5  6  7  8  9      4  5  6  7  8  9      4  5  6  7  8  9      
4   1                        1  1                        1                                  
5      1  1                     1  2                        1                               
6         1  1                     1  2                        1                            
7            1  1                     1  1                                                  
8               1                        1                                                  
9                  1                                                                        

4   1                        1  1                        1                                  
5      1  1                     1  2                        1                               
6         1  1                     1  2                        1                            
7            1  1                     1  1                                                  
8               1                        1                                                  
9                  1                                                                        

N = 5
M = 7
X = {}

set of gaps {1, 2, 3, 4, 6, 8, 9, 11, 13, 16, 18, 23}

Ngen_0              area   codinv Cogen                       Gen                     

0, 7, 14, 21, 28    12     12     23            0                                         
14, 21, 23, 0, 7    11     11     16, 18        1, 0          23            1             
23, 0, 7, 14, 16    10     11     9, 18         1, 0          16            1             
18, 0, 7, 14, 21    10     10     13, 16        1, 0          18            1             
7, 9, 16, 23, 0     9      11     2, 18         1, 0          9             1             
7, 14, 21, 13, 0    9      10     8, 16         1, 0          13            1             
7, 14, 16, 18, 0    9      9      9, 11, 13     2, 1, 0       16, 18        1, 2          
16, 23, 0, 2, 9     8      11     18            0             2             1             
21, 8, 0, 7, 14     8      10     3, 16         1, 0          8             1             
16, 18, 0, 7, 9     8      10     2, 11, 13     1, 1, 0       9, 18         1, 1          
11, 18, 0, 7, 14    8      9      9, 13         1, 0          11            1             
16, 13, 0, 7, 14    8      8      8, 9, 11      2, 1, 0       13, 16        1, 2          
0, 7, 14, 21, 3     7      10     16            0             3             1             
0, 2, 9, 16, 18     7      10     11, 13        1, 0          2, 18         1, 1          
0, 7, 14, 16, 8     7      9      3, 9, 11      1, 1, 0       8, 16         1, 1          
0, 7, 9, 11, 18     7      9      2, 4, 13      2, 1, 0       9, 11         1, 2          
0, 7, 9, 16, 13     7      8      2, 8, 11      2, 1, 0       9, 13         1, 2          
0, 7, 14, 11, 13    7      7      6, 8, 9       2, 1, 0       11, 13        1, 2          
9, 11, 18, 0, 2     6      10     4, 13         1, 0          2, 11         1, 1          
14, 16, 3, 0, 7     6      9      9, 11         1, 0          3, 16         1, 1          
9, 16, 13, 0, 2     6      9      8, 11         1, 0          2, 13         1, 1          
4, 11, 18, 0, 7     6      9      2, 13         1, 0          4             1             
14, 6, 13, 0, 7     6      8      8, 9          1, 0          6             1             
9, 16, 8, 0, 7      6      8      2, 3, 11      2, 1, 0       8, 9          1, 2          
14, 11, 8, 0, 7     6      7      3, 6, 9       2, 1, 0       8, 11         1, 2          
9, 11, 13, 0, 7     6      6      2, 4, 6, 8    3, 2, 1, 0    9, 11, 13     1, 2, 3       
18, 0, 2, 4, 11     5      9      13            0             2, 4          1, 2          
8, 0, 2, 9, 16      5      9      3, 11         1, 0          2, 8          1, 1          
13, 0, 2, 9, 11     5      8      4, 6, 8       2, 1, 0       2, 11, 13     1, 1, 2       
3, 0, 7, 14, 11     5      8      6, 9          1, 0          3, 11         1, 1          
3, 0, 7, 9, 16      5      8      2, 11         1, 0          3, 9          1, 2          
13, 0, 7, 4, 11     5      7      2, 6, 8       2, 1, 0       4, 13         1, 2          
8, 0, 7, 14, 6      5      7      1, 3, 9       2, 1, 0       6, 8          1, 2          
13, 0, 7, 9, 6      5      6      2, 4, 8       2, 1, 0       6, 9          1, 2          
8, 0, 7, 9, 11      5      5      2, 3, 4, 6    3, 2, 1, 0    8, 9, 11      1, 2, 3       
7, 14, 1, 8, 0      4      8      3, 9          1, 0          1             1             
2, 9, 16, 3, 0      4      8      11            0             2, 3          1, 2          
2, 4, 11, 13, 0     4      8      6, 8          1, 0          2, 4, 13      1, 2, 1       
7, 14, 6, 3, 0      4      7      1, 9          1, 0          3, 6          1, 2          
2, 9, 11, 8, 0      4      7      3, 4, 6       2, 1, 0       2, 8, 11      1, 1, 2       
2, 9, 6, 13, 0      4      7      4, 8          1, 0          2, 6          1, 2          
7, 9, 11, 3, 0      4      6      2, 4, 6       2, 1, 0       3, 9, 11      1, 2, 2       
7, 4, 6, 13, 0      4      6      2, 8          1, 0          4, 6          1, 2          
7, 4, 11, 8, 0      4      5      2, 3, 6       2, 1, 0       4, 8          1, 2          
7, 9, 6, 8, 0       4      4      1, 2, 3, 4    3, 2, 1, 0    6, 8, 9       1, 2, 3       
11, 3, 0, 2, 9      3      7      4, 6          1, 0          2, 3, 11      1, 2, 1       
1, 3, 0, 7, 14      3      7      9             0             1, 3          1, 2          
11, 8, 0, 2, 4      3      6      3, 6          1, 0          2, 4, 8       1, 2, 2       
6, 13, 0, 2, 4      3      6      8             0             2, 4, 6       1, 2, 3       
1, 8, 0, 7, 9       3      6      2, 3, 4       2, 1, 0       1, 9          1, 2          
11, 3, 0, 7, 4      3      5      2, 6          1, 0          3, 4          1, 2          
6, 8, 0, 2, 9       3      5      1, 3, 4       2, 1, 0       2, 6, 8       1, 2, 2       
6, 3, 0, 7, 9       3      4      1, 2, 4       2, 1, 0       3, 6, 9       1, 2, 3       
6, 8, 0, 7, 4       3      3      1, 2, 3       2, 1, 0       4, 6, 8       1, 2, 3       
0, 2, 9, 1, 8       2      6      3, 4          1, 0          1, 2          1, 2          
0, 7, 9, 1, 3       2      5      2, 4          1, 0          1, 3, 9       1, 2, 2       
0, 2, 4, 11, 3      2      5      6             0             2, 3, 4       1, 2, 3       
0, 7, 4, 1, 8       2      4      2, 3          1, 0          1, 4          1, 2          
0, 2, 9, 6, 3       2      4      1, 4          1, 0          2, 3, 6       1, 2, 3       
0, 2, 4, 6, 8       2      3      1, 3          1, 0          2, 4, 6, 8    1, 2, 3, 3    
0, 7, 4, 6, 3       2      2      1, 2          1, 0          3, 4, 6       1, 2, 3       
9, 1, 3, 0, 2       1      4      4             0             1, 2, 3       1, 2, 3       
4, 1, 8, 0, 2       1      3      3             0             1, 2, 4       1, 2, 3       
4, 1, 3, 0, 7       1      2      2             0             1, 3, 4       1, 2, 3       
4, 6, 3, 0, 2       1      1      1             0             2, 3, 4, 6    1, 2, 3, 4    
3, 0, 2, 4, 1       0      0                                  1, 2, 3, 4    1, 2, 3, 4    


    0  1  2  3  4  5  6  7  8  9  10 11 12     0  1  2  3  4  5  6  7  8  9  10 11 12     0  1  2  3  4  5  6  7  8  9  10 11 12     0  1  2  3  4  5  6  7  8  9  10 11 12     0  1  2  3  4  5  6  7  8  9  10 11 12     
0   1                                             1  1  1  1                                       1  1  2  1  1                                       1  1  1  1                                             1            
1      1  1  1  1                                    1  2  3  4  2  1                                 1  2  4  4  3  1                                    1  2  2  2                                             1         
2         1  1  2  2  1                                 1  2  4  6  5  2                                 1  2  5  6  5  1                                    1  2  3  2                                             1      
3            1  1  2  3  2                                 1  2  4  7  7  3                                 1  2  5  7  5  1                                    1  2  2  1                                                 
4               1  1  2  3  3                                 1  2  4  7  7  2                                 1  2  5  6  3                                       1  2  1                                                 
5                  1  1  2  3  2                                 1  2  4  7  5  1                                 1  2  5  4  1                                       1  1                                                 
6                     1  1  2  3  1                                 1  2  4  6  2                                    1  2  4  1                                          1                                                 
7                        1  1  2  2                                    1  2  4  4                                       1  2  2                                                                                            
8                           1  1  2  1                                    1  2  3  1                                       1  1                                                                                            
9                              1  1  1                                       1  2  1                                          1                                                                                            
10                                1  1                                          1  1                                                                                                                                       
11                                   1                                             1                                                                                                                                       
12                                      1                                                                                                                                                                                  

0   1                                             1  1  1  1                                       1  1  2  1  1                                       1  1  1  1                                             1            
1      1  1  1  1                                    1  2  3  4  2  1                                 1  2  4  4  3  1                                    1  2  2  2                                             1         
2         1  1  2  2  1                                 1  2  4  6  5  2                                 1  2  5  6  5  1                                    1  2  3  2                                             1      
3            1  1  2  3  2                                 1  2  4  7  7  3                                 1  2  5  7  5  1                                    1  2  2  1                                                 
4               1  1  2  3  3                                 1  2  4  7  7  2                                 1  2  5  6  3                                       1  2  1                                                 
5                  1  1  2  3  2                                 1  2  4  7  5  1                                 1  2  5  4  1                                       1  1                                                 
6                     1  1  2  3  1                                 1  2  4  6  2                                    1  2  4  1                                          1                                                 
7                        1  1  2  2                                    1  2  4  4                                       1  2  2                                                                                            
8                           1  1  2  1                                    1  2  3  1                                       1  1                                                                                            
9                              1  1  1                                       1  2  1                                          1                                                                                            
10                                1  1                                          1  1                                                                                                                                       
11                                   1                                             1                                                                                                                                       
12                                      1                                                                                                                                                                                  

N = 5
M = 7
X = {1, 2, 3, 4}

set of gaps {1, 2, 3, 4, 6, 8, 9, 11, 13, 16, 18, 23}

Ngen_0              area   codinv Cogen                       Gen                     

0, 7, 14, 21, 28    12     12     23            0                                         
14, 21, 23, 0, 7    11     11     16, 18        1, 0          23            1             
23, 0, 7, 14, 16    10     11     9, 18         1, 0          16            1             
18, 0, 7, 14, 21    10     10     13, 16        1, 0          18            1             
7, 9, 16, 23, 0     9      11     18            0             9             1             
7, 14, 21, 13, 0    9      10     8, 16         1, 0          13            1             
7, 14, 16, 18, 0    9      9      9, 11, 13     2, 1, 0       16, 18        1, 2          
21, 8, 0, 7, 14     8      10     16            0             8             1             
16, 18, 0, 7, 9     8      10     11, 13        1, 0          9, 18         1, 1          
11, 18, 0, 7, 14    8      9      9, 13         1, 0          11            1             
16, 13, 0, 7, 14    8      8      8, 9, 11      2, 1, 0       13, 16        1, 2          
0, 7, 14, 16, 8     7      9      9, 11         1, 0          8, 16         1, 1          
0, 7, 9, 11, 18     7      9      13            0             9, 11         1, 2          
0, 7, 9, 16, 13     7      8      8, 11         1, 0          9, 13         1, 2          
0, 7, 14, 11, 13    7      7      6, 8, 9       2, 1, 0       11, 13        1, 2          
14, 6, 13, 0, 7     6      8      8, 9          1, 0          6             1             
9, 16, 8, 0, 7      6      8      11            0             8, 9          1, 2          
14, 11, 8, 0, 7     6      7      6, 9          1, 0          8, 11         1, 2          
9, 11, 13, 0, 7     6      6      6, 8          1, 0          9, 11, 13     1, 2, 3       
8, 0, 7, 14, 6      5      7      9             0             6, 8          1, 2          
13, 0, 7, 9, 6      5      6      8             0             6, 9          1, 2          
8, 0, 7, 9, 11      5      5      6             0             8, 9, 11      1, 2, 3       
7, 9, 6, 8, 0       4      4                                  6, 8, 9       1, 2, 3       


    4  5  6  7  8  9  10 11 12     4  5  6  7  8  9  10 11 12     4  5  6  7  8  9  10 11 12     4  5  6  7  8  9  10 11 12     4  5  6  7  8  9  10 11 12     
4   1                                 1  1  1                              1  1  1                                 1                                           
5      1  1  1                           1  2  3  1                           1  2  2                                 1                                        
6         1  1  2                           1  2  4  1                           1  2  2                                 1                                     
7            1  1  2                           1  2  4  1                           1  2  1                                                                    
8               1  1  2                           1  2  3                              1  1                                                                    
9                  1  1  1                           1  2  1                              1                                                                    
10                    1  1                              1  1                                                                                                   
11                       1                                 1                                                                                                   
12                          1                                                                                                                                  

4   1                                 1  1  1                              1  1  1                                 1                                           
5      1  1  1                           1  2  3  1                           1  2  2                                 1                                        
6         1  1  2                           1  2  4  1                           1  2  2                                 1                                     
7            1  1  2                           1  2  4  1                           1  2  1                                                                    
8               1  1  2                           1  2  3                              1  1                                                                    
9                  1  1  1                           1  2  1                              1                                                                    
10                    1  1                              1  1                                                                                                   
11                       1                                 1                                                                                                   
12                          1                                                                                                                                  

