N = 3
M = 4

set of gaps {1, 2, 5}

Ngen                sum     dim     Gen - 0        Jordan

[0, 4, 8]           0       0       []             [3]            
[3, 4, 8]           1       0       [4]            [1, 2]         
[6, 4, 8]           2       0       [6]            [1, 2]         
[3, 7, 8]           2       1       [8]            [1, 2]         
[6, 7, 8]           3       0       [7, 8]         [1, 1, 1]      
[9, 4, 8]           3       1       [9]            [1, 2]         
[3, 7, 11]          3       2       []             [3]            
[9, 7, 8]           4       0       [8, 9]         [1, 1, 1]      
[6, 10, 8]          4       1       [8]            [1, 2]         
[6, 7, 11]          4       2       [7]            [1, 2]         
[12, 4, 8]          4       2       []             [3]            
[9, 10, 8]          5       0       [9, 10]        [1, 1, 1]      
[9, 7, 11]          5       1       [9]            [1, 2]         
[6, 10, 11]         5       2       [11]           [1, 2]         
[12, 7, 8]          5       2       [8]            [1, 2]         
[9, 10, 11]         6       0       [10, 11]       [1, 1, 1]      
[12, 10, 8]         6       1       [10]           [1, 2]         
[9, 13, 8]          6       2       [9]            [1, 2]         
[12, 7, 11]         6       2       [12]           [1, 2]         
[6, 10, 14]         6       3       []             [3]            


N = 3
M = 5

set of gaps {1, 2, 4, 7}

Ngen                sum     dim     Gen - 0        Jordan

[0, 5, 10]          0       0       []             [3]            
[3, 5, 10]          1       0       [5]            [1, 2]         
[6, 5, 10]          2       0       [6]            [1, 2]         
[3, 8, 10]          2       1       [10]           [1, 2]         
[6, 8, 10]          3       0       [8, 10]        [1, 1, 1]      
[9, 5, 10]          3       1       [9]            [1, 2]         
[3, 8, 13]          3       2       []             [3]            
[9, 8, 10]          4       0       [9, 10]        [1, 1, 1]      
[6, 11, 10]         4       1       [10]           [1, 2]         
[6, 8, 13]          4       2       [8]            [1, 2]         
[12, 5, 10]         4       2       [12]           [1, 2]         
[9, 11, 10]         5       0       [10, 11]       [1, 1, 1]      
[12, 8, 10]         5       1       [10, 12]       [1, 1, 1]      
[6, 11, 13]         5       2       [13]           [1, 2]         
[9, 8, 13]          5       2       [9]            [1, 2]         
[15, 5, 10]         5       3       []             [3]            
[12, 11, 10]        6       0       [11, 12]       [1, 1, 1]      
[9, 11, 13]         6       1       [11, 13]       [1, 1, 1]      
[9, 14, 10]         6       2       [10]           [1, 2]         
[12, 8, 13]         6       2       [12]           [1, 2]         
[6, 11, 16]         6       3       []             [3]            
[15, 8, 10]         6       3       [10]           [1, 2]         
[12, 11, 13]        7       0       [12, 13]       [1, 1, 1]      
[12, 14, 10]        7       1       [12, 14]       [1, 1, 1]      
[9, 14, 13]         7       2       [13]           [1, 2]         
[15, 11, 10]        7       2       [11]           [1, 2]         
[9, 11, 16]         7       3       [11]           [1, 2]         
[15, 8, 13]         7       3       [15]           [1, 2]         
[12, 14, 13]        8       0       [13, 14]       [1, 1, 1]      
[15, 11, 13]        8       1       [13, 15]       [1, 1, 1]      
[12, 11, 16]        8       2       [12]           [1, 2]         
[15, 14, 10]        8       2       [14]           [1, 2]         
[9, 14, 16]         8       3       [15]           [1, 2]         
[12, 17, 10]        8       3       [12]           [1, 2]         
[18, 8, 13]         8       4       []             [3]            


N = 4
M = 5

set of gaps {1, 2, 3, 6, 7, 11}

Ngen                sum     dim     Gen - 0        Jordan

[0, 5, 10, 15]      0       0       []             [4]            
[4, 5, 10, 15]      1       0       [5]            [1, 3]         
[8, 5, 10, 15]      2       0       [8]            [1, 3]         
[4, 9, 10, 15]      2       1       [10]           [2, 2]         
[8, 9, 10, 15]      3       0       [9, 10]        [1, 1, 2]      
[12, 5, 10, 15]     3       1       [12]           [1, 3]         
[4, 9, 14, 15]      3       2       [15]           [1, 3]         
[12, 9, 10, 15]     4       0       [10, 12]       [1, 1, 2]      
[8, 13, 10, 15]     4       1       [10]           [2, 2]         
[8, 9, 14, 15]      4       2       [9, 15]        [1, 1, 2]      
[16, 5, 10, 15]     4       2       [16]           [1, 3]         
[4, 9, 14, 19]      4       3       []             [4]            
[12, 13, 10, 15]    5       0       [12, 13]       [1, 1, 2]      
[12, 9, 14, 15]     5       1       [12, 15]       [1, 1, 2]      
[8, 13, 14, 15]     5       2       [14, 15]       [1, 1, 2]      
[16, 9, 10, 15]     5       2       [10, 16]       [1, 1, 2]      
[8, 9, 14, 19]      5       3       [9]            [1, 3]         
[20, 5, 10, 15]     5       3       []             [4]            
[12, 13, 14, 15]    6       0       [13, 14, 15]   [1, 1, 1, 1]   
[16, 13, 10, 15]    6       1       [13, 16]       [1, 1, 2]      
[12, 17, 10, 15]    6       2       [12]           [2, 2]         
[16, 9, 14, 15]     6       2       [15, 16]       [1, 1, 2]      
[8, 13, 18, 15]     6       3       [15]           [1, 3]         
[12, 9, 14, 19]     6       3       [12]           [1, 3]         
[20, 9, 10, 15]     6       3       [10]           [1, 3]         
[8, 13, 14, 19]     6       4       [14]           [2, 2]         
[16, 13, 14, 15]    7       0       [14, 15, 16]   [1, 1, 1, 1]   
[12, 17, 14, 15]    7       1       [14, 15]       [1, 1, 2]      
[12, 13, 18, 15]    7       2       [13, 15]       [1, 1, 2]      
[16, 17, 10, 15]    7       2       [16, 17]       [1, 1, 2]      
[12, 13, 14, 19]    7       3       [13, 14]       [1, 1, 2]      
[16, 9, 14, 19]     7       3       [16]           [1, 3]         
[20, 13, 10, 15]    7       3       [13]           [1, 3]         
[8, 13, 18, 19]     7       4       [19]           [1, 3]         
[20, 9, 14, 15]     7       4       [15]           [2, 2]         
[16, 17, 14, 15]    8       0       [15, 16, 17]   [1, 1, 1, 1]   
[16, 13, 18, 15]    8       1       [15, 16]       [1, 1, 2]      
[12, 17, 18, 15]    8       2       [15, 18]       [1, 1, 2]      
[16, 13, 14, 19]    8       2       [14, 16]       [1, 1, 2]      
[12, 17, 14, 19]    8       3       [14]           [2, 2]         
[20, 13, 14, 15]    8       3       [14, 15]       [1, 1, 2]      
[20, 17, 10, 15]    8       3       [17]           [1, 3]         
[12, 13, 18, 19]    8       4       [13, 19]       [1, 1, 2]      
[16, 21, 10, 15]    8       4       [16]           [2, 2]         
[20, 9, 14, 19]     8       4       [20]           [1, 3]         
[8, 13, 18, 23]     8       5       []             [4]            
[16, 17, 18, 15]    9       0       [16, 17, 18]   [1, 1, 1, 1]   
[16, 17, 14, 19]    9       1       [16, 17]       [1, 1, 2]      
[16, 13, 18, 19]    9       2       [16, 19]       [1, 1, 2]      
[20, 17, 14, 15]    9       2       [15, 17]       [1, 1, 2]      
[12, 17, 18, 19]    9       3       [18, 19]       [1, 1, 2]      
[16, 21, 14, 15]    9       3       [15, 16]       [1, 1, 2]      
[20, 13, 18, 15]    9       3       [15]           [2, 2]         
[12, 17, 22, 15]    9       4       [15]           [1, 3]         
[20, 13, 14, 19]    9       4       [14, 20]       [1, 1, 2]      
[20, 21, 10, 15]    9       4       [20]           [1, 3]         
[12, 13, 18, 23]    9       5       [13]           [1, 3]         
[24, 9, 14, 19]     9       5       []             [4]            
[16, 17, 18, 19]    10      0       [17, 18, 19]   [1, 1, 1, 1]   
[20, 17, 18, 15]    10      1       [17, 18]       [1, 1, 2]      
[16, 21, 18, 15]    10      2       [16, 18]       [1, 1, 2]      
[20, 17, 14, 19]    10      2       [17, 20]       [1, 1, 2]      
[16, 17, 22, 15]    10      3       [16, 17]       [1, 1, 2]      
[16, 21, 14, 19]    10      3       [16]           [2, 2]         
[20, 13, 18, 19]    10      3       [19, 20]       [1, 1, 2]      
[12, 17, 22, 19]    10      4       [19]           [1, 3]         
[16, 13, 18, 23]    10      4       [16]           [1, 3]         
[20, 21, 14, 15]    10      4       [15, 20]       [1, 1, 2]      
[12, 17, 18, 23]    10      5       [18]           [2, 2]         
[20, 25, 10, 15]    10      5       []             [4]            
[24, 13, 14, 19]    10      5       [14]           [1, 3]         
[20, 17, 18, 19]    11      0       [18, 19, 20]   [1, 1, 1, 1]   
[16, 21, 18, 19]    11      1       [18, 19]       [1, 1, 2]      
[16, 17, 22, 19]    11      2       [17, 19]       [1, 1, 2]      
[20, 21, 18, 15]    11      2       [18, 20]       [1, 1, 2]      
[16, 17, 18, 23]    11      3       [17, 18]       [1, 1, 2]      
[20, 17, 22, 15]    11      3       [17]           [2, 2]         
[20, 21, 14, 19]    11      3       [20, 20]       [1, 1, 2]      
[16, 21, 22, 15]    11      4       [16, 20]       [1, 1, 2]      
[20, 13, 18, 23]    11      4       [20]           [1, 3]         
[24, 17, 14, 19]    11      4       [17]           [1, 3]         
[12, 17, 22, 23]    11      5       [20]           [1, 3]         
[20, 25, 14, 15]    11      5       [15]           [1, 3]         
[24, 13, 18, 19]    11      5       [19]           [2, 2]         
[20, 21, 18, 19]    12      0       [19, 20, 20]   [1, 1, 1, 1]   
[20, 17, 22, 19]    12      1       [19, 20]       [1, 1, 2]      
[16, 21, 22, 19]    12      2       [19, 20]       [1, 1, 2]      
[20, 17, 18, 23]    12      2       [18, 20]       [1, 1, 2]      
[16, 21, 18, 23]    12      3       [18]           [2, 2]         
[20, 21, 22, 15]    12      3       [20, 20]       [1, 1, 2]      
[24, 17, 18, 19]    12      3       [18, 19]       [1, 1, 2]      
[16, 17, 22, 23]    12      4       [17, 20]       [1, 1, 2]      
[20, 25, 18, 15]    12      4       [18]           [1, 3]         
[24, 21, 14, 19]    12      4       [20]           [1, 3]         
[16, 21, 26, 15]    12      5       [16]           [1, 3]         
[20, 25, 14, 19]    12      5       [20]           [2, 2]         
[24, 13, 18, 23]    12      5       [20]           [1, 3]         
[12, 17, 22, 27]    12      6       []             [4]            


