#1 [  ]

0
0
0
0
0
0
0
0
0
0
0
0
1

#2 [ 4 ]

0
0
0
0
0
0
0
0
0
0
0
x+x^{-1}
0

#6 [ 2, 4 ]

0
0
0
0
0
0
0
0
0
x^2+2+x^{-2}
0
0
0

#7 [ 3, 1 ]

0
0
0
0
0
x^2+1+x^{-2}
x^2+1+x^{-2}
0
0
0
0
1
0

#12 [ 1, 4 ]

0
0
0
0
0
0
0
0
0
0
x^2+2+x^{-2}
0
0

#13 [ 1, 2 ]

0
0
0
0
0
0
0
0
x^2+2+x^{-2}
0
0
0
0

#15 [ 4, 3, 1 ]

0
0
0
0
x^3+x+x^{-1}+x^{-3}
x+x^{-1}
x+x^{-1}
0
0
0
x+x^{-1}
0
0

#16 [ 2, 3, 1 ]

0
0
x^3+x+x^{-1}+x^{-3}
0
0
x+x^{-1}
x+x^{-1}
0
x+x^{-1}
0
0
0
0

#17 [ 2, 4, 3 ]

0
0
0
x^3+x+x^{-1}+x^{-3}
0
x+x^{-1}
x+x^{-1}
0
0
x+x^{-1}
0
0
0

#21 [ 2, 3, 2 ]

0
0
0
0
0
x^3+2x+2x^{-1}+x^{-3}
x^3+2x+2x^{-1}+x^{-3}
0
0
0
0
0
0

#25 [ 1, 2, 4 ]

0
0
0
0
0
0
0
x^3+3x+3x^{-1}+x^{-3}
0
0
0
0
0

#31 [ 3, 1, 2, 3 ]

0
0
x^4+2x^2+2+2x^{-2}+x^{-4}
0
0
x^2+2+x^{-2}
x^2+2+x^{-2}
0
x^2+2+x^{-2}
0
0
0
0

#32 [ 2, 4, 3, 1 ]

x^4+x^2+1+x^{-2}+x^{-4}
-x^2-1-x^{-2}
x^2+1+x^{-2}
x^2+1+x^{-2}
x^2+1+x^{-2}
1
0
x^2+3+x^{-2}
0
0
0
0
0

#33 [ 3, 1, 4, 3 ]

0
0
0
0
x^4+2x^2+2+2x^{-2}+x^{-4}
x^2+2+x^{-2}
x^2+2+x^{-2}
0
0
0
x^2+2+x^{-2}
0
0

#35 [ 2, 3, 1, 2 ]

0
0
x^4+2x^2+2+2x^{-2}+x^{-4}
0
0
x^2+2+x^{-2}
x^2+2+x^{-2}
0
0
0
0
0
0

#36 [ 3, 4, 3, 1 ]

0
0
0
0
x^4+2x^2+2+2x^{-2}+x^{-4}
x^2+2+x^{-2}
x^2+2+x^{-2}
0
0
0
0
0
0

#38 [ 2, 4, 3, 2 ]

0
0
0
x^4+2x^2+2+2x^{-2}+x^{-4}
0
x^2+2+x^{-2}
x^2+2+x^{-2}
0
0
0
0
0
0

#43 [ 3, 2, 4, 3 ]

0
0
0
x^4+2x^2+2+2x^{-2}+x^{-4}
0
x^2+2+x^{-2}
x^2+2+x^{-2}
0
0
x^2+2+x^{-2}
0
0
0

#54 [ 4, 3, 1, 2, 3 ]

x^5+2x^3+2x+2x^{-1}+2x^{-3}+x^{-5}
-x^3-2x-2x^{-1}-x^{-3}
2x^3+3x+3x^{-1}+2x^{-3}
x^3+2x+2x^{-1}+x^{-3}
x^3+2x+2x^{-1}+x^{-3}
2x+2x^{-1}
x+x^{-1}
x+x^{-1}
x+x^{-1}
0
0
0
0

#56 [ 2, 3, 1, 2, 3 ]

0
0
x^5+3x^3+4x+4x^{-1}+3x^{-3}+x^{-5}
0
0
x+x^{-1}
x+x^{-1}
0
0
0
0
0
0

#57 [ 3, 1, 4, 3, 1 ]

0
0
0
0
x^5+3x^3+4x+4x^{-1}+3x^{-3}+x^{-5}
x+x^{-1}
x+x^{-1}
0
0
0
0
0
0

#58 [ 3, 1, 4, 3, 2 ]

x^5+2x^3+2x+2x^{-1}+2x^{-3}+x^{-5}
-x^3-2x-2x^{-1}-x^{-3}
x^3+2x+2x^{-1}+x^{-3}
x^3+2x+2x^{-1}+x^{-3}
2x^3+3x+3x^{-1}+2x^{-3}
2x+2x^{-1}
x+x^{-1}
x+x^{-1}
0
0
x+x^{-1}
0
0

#60 [ 2, 4, 3, 1, 2 ]

x^5+2x^3+2x+2x^{-1}+2x^{-3}+x^{-5}
-x^3-2x-2x^{-1}-x^{-3}
x^3+2x+2x^{-1}+x^{-3}
x^3+2x+2x^{-1}+x^{-3}
x^3+2x+2x^{-1}+x^{-3}
x+x^{-1}
0
x+x^{-1}
0
0
0
0
0

#63 [ 3, 1, 2, 4, 3 ]

x^5+2x^3+2x+2x^{-1}+2x^{-3}+x^{-5}
-x^3-2x-2x^{-1}-x^{-3}
x^3+2x+2x^{-1}+x^{-3}
x^3+2x+2x^{-1}+x^{-3}
x^3+2x+2x^{-1}+x^{-3}
x+x^{-1}
0
x^3+4x+4x^{-1}+x^{-3}
0
0
0
0
0

#65 [ 2, 3, 4, 3, 2 ]

0
0
0
x^5+3x^3+4x+4x^{-1}+3x^{-3}+x^{-5}
0
x^3+3x+3x^{-1}+x^{-3}
x^3+3x+3x^{-1}+x^{-3}
0
0
0
0
0
0

#66 [ 3, 2, 4, 3, 2 ]

0
0
0
x^5+3x^3+4x+4x^{-1}+3x^{-3}+x^{-5}
0
x+x^{-1}
x+x^{-1}
0
0
0
0
0
0

#67 [ 3, 2, 4, 3, 1 ]

x^5+2x^3+2x+2x^{-1}+2x^{-3}+x^{-5}
-x^3-2x-2x^{-1}-x^{-3}
x^3+2x+2x^{-1}+x^{-3}
2x^3+3x+3x^{-1}+2x^{-3}
x^3+2x+2x^{-1}+x^{-3}
2x+2x^{-1}
x+x^{-1}
x+x^{-1}
0
x+x^{-1}
0
0
0

#73 [ 1, 2, 3, 1, 2 ]

0
0
x^5+3x^3+4x+4x^{-1}+3x^{-3}+x^{-5}
0
0
x^3+3x+3x^{-1}+x^{-3}
x^3+3x+3x^{-1}+x^{-3}
0
0
0
0
0
0

#74 [ 1, 3, 4, 3, 1 ]

0
0
0
0
x^5+3x^3+4x+4x^{-1}+3x^{-3}+x^{-5}
x^3+3x+3x^{-1}+x^{-3}
x^3+3x+3x^{-1}+x^{-3}
0
0
0
0
0
0

#82 [ 4, 3, 1, 2, 3, 4 ]

x^6+3x^4+4x^2+4+4x^{-2}+3x^{-4}+x^{-6}
-x^4-3x^2-4-3x^{-2}-x^{-4}
2x^4+5x^2+6+5x^{-2}+2x^{-4}
x^4+3x^2+4+3x^{-2}+x^{-4}
x^4+3x^2+4+3x^{-2}+x^{-4}
2x^2+4+2x^{-2}
x^2+2+x^{-2}
x^2+2+x^{-2}
x^2+2+x^{-2}
0
0
0
0

#83 [ 2, 4, 3, 1, 2, 3 ]

x^6+3x^4+3x^2+3+3x^{-2}+3x^{-4}+x^{-6}
1
x^4+3x^2+3+3x^{-2}+x^{-4}
x^2+1+x^{-2}
x^2+1+x^{-2}
1
0
1
0
0
0
0
0

#85 [ 3, 1, 4, 3, 1, 2 ]

x^6+3x^4+3x^2+3+3x^{-2}+3x^{-4}+x^{-6}
1
x^2+1+x^{-2}
x^2+1+x^{-2}
x^4+3x^2+3+3x^{-2}+x^{-4}
1
0
1
0
0
0
0
0

#86 [ 2, 3, 1, 4, 3, 2 ]

x^6+3x^4+4x^2+4+4x^{-2}+3x^{-4}+x^{-6}
-x^4-3x^2-4-3x^{-2}-x^{-4}
x^4+3x^2+4+3x^{-2}+x^{-4}
x^4+3x^2+4+3x^{-2}+x^{-4}
2x^4+5x^2+6+5x^{-2}+2x^{-4}
2x^2+4+2x^{-2}
x^2+2+x^{-2}
x^2+2+x^{-2}
0
0
x^2+2+x^{-2}
0
0

#88 [ 3, 1, 2, 3, 4, 3 ]

x^6+3x^4+4x^2+4+4x^{-2}+3x^{-4}+x^{-6}
-x^4-3x^2-4-3x^{-2}-x^{-4}
x^4+3x^2+4+3x^{-2}+x^{-4}
x^4+3x^2+4+3x^{-2}+x^{-4}
x^4+3x^2+4+3x^{-2}+x^{-4}
x^2+2+x^{-2}
0
x^2+2+x^{-2}
0
0
0
0
0

#94 [ 3, 2, 4, 3, 1, 2 ]

x^6+3x^4+3x^2+3+3x^{-2}+3x^{-4}+x^{-6}
1
x^2+1+x^{-2}
x^4+3x^2+3+3x^{-2}+x^{-4}
x^2+1+x^{-2}
1
0
1
0
0
0
0
0

#95 [ 2, 3, 2, 4, 3, 2 ]

0
0
0
x^6+3x^4+5x^2+6+5x^{-2}+3x^{-4}+x^{-6}
0
0
0
0
0
0
0
0
0

#99 [ 1, 2, 3, 1, 2, 3 ]

0
0
x^6+3x^4+5x^2+6+5x^{-2}+3x^{-4}+x^{-6}
0
0
0
0
0
0
0
0
0
0

#100 [ 1, 3, 1, 4, 3, 1 ]

0
0
0
0
x^6+3x^4+5x^2+6+5x^{-2}+3x^{-4}+x^{-6}
0
0
0
0
0
0
0
0

#109 [ 1, 3, 2, 4, 3, 1 ]

x^6+3x^4+4x^2+4+4x^{-2}+3x^{-4}+x^{-6}
-x^4-3x^2-4-3x^{-2}-x^{-4}
x^4+3x^2+4+3x^{-2}+x^{-4}
2x^4+5x^2+6+5x^{-2}+2x^{-4}
x^4+3x^2+4+3x^{-2}+x^{-4}
2x^2+4+2x^{-2}
x^2+2+x^{-2}
x^2+2+x^{-2}
0
x^2+2+x^{-2}
0
0
0

#112 [ 2, 4, 3, 1, 2, 3, 4 ]

x^7+4x^5+6x^3+6x+6x^{-1}+6x^{-3}+4x^{-5}+x^{-7}
x+x^{-1}
x^5+4x^3+6x+6x^{-1}+4x^{-3}+x^{-5}
x^3+2x+2x^{-1}+x^{-3}
x^3+2x+2x^{-1}+x^{-3}
x+x^{-1}
0
x+x^{-1}
0
0
0
0
0

#113 [ 3, 1, 2, 3, 4, 3, 2 ]

x^7+5x^5+8x^3+8x+8x^{-1}+8x^{-3}+5x^{-5}+x^{-7}
-x^3-x-x^{-1}-x^{-3}
2x^3+4x+4x^{-1}+2x^{-3}
x^5+5x^3+8x+8x^{-1}+5x^{-3}+x^{-5}
2x^3+4x+4x^{-1}+2x^{-3}
2x+2x^{-1}
0
2x+2x^{-1}
0
0
0
0
0

#114 [ 2, 3, 1, 4, 3, 1, 2 ]

x^7+4x^5+6x^3+6x+6x^{-1}+6x^{-3}+4x^{-5}+x^{-7}
x+x^{-1}
x^3+2x+2x^{-1}+x^{-3}
x^3+2x+2x^{-1}+x^{-3}
x^5+4x^3+6x+6x^{-1}+4x^{-3}+x^{-5}
x+x^{-1}
0
x+x^{-1}
0
0
0
0
0

#115 [ 3, 4, 3, 1, 2, 3, 4 ]

x^7+3x^5+5x^3+6x+6x^{-1}+5x^{-3}+3x^{-5}+x^{-7}
-x^5-3x^3-5x-5x^{-1}-3x^{-3}-x^{-5}
x^5+3x^3+5x+5x^{-1}+3x^{-3}+x^{-5}
x^5+3x^3+5x+5x^{-1}+3x^{-3}+x^{-5}
x^5+3x^3+5x+5x^{-1}+3x^{-3}+x^{-5}
0
-x^3-2x-2x^{-1}-x^{-3}
x^3+2x+2x^{-1}+x^{-3}
0
0
0
0
0

#116 [ 2, 3, 1, 2, 3, 4, 3 ]

x^7+4x^5+6x^3+6x+6x^{-1}+6x^{-3}+4x^{-5}+x^{-7}
x+x^{-1}
x^3+2x+2x^{-1}+x^{-3}
x^3+2x+2x^{-1}+x^{-3}
x^3+2x+2x^{-1}+x^{-3}
0
-x-x^{-1}
x+x^{-1}
0
0
0
0
0

#119 [ 3, 1, 2, 3, 4, 3, 1 ]

x^7+5x^5+8x^3+8x+8x^{-1}+8x^{-3}+5x^{-5}+x^{-7}
-x^3-x-x^{-1}-x^{-3}
2x^3+4x+4x^{-1}+2x^{-3}
2x^3+4x+4x^{-1}+2x^{-3}
x^5+5x^3+8x+8x^{-1}+5x^{-3}+x^{-5}
2x+2x^{-1}
0
2x+2x^{-1}
0
0
0
0
0

#120 [ 3, 1, 2, 4, 3, 1, 2 ]

x^7+5x^5+8x^3+8x+8x^{-1}+8x^{-3}+5x^{-5}+x^{-7}
-x^3-x-x^{-1}-x^{-3}
x^5+5x^3+8x+8x^{-1}+5x^{-3}+x^{-5}
2x^3+4x+4x^{-1}+2x^{-3}
2x^3+4x+4x^{-1}+2x^{-3}
2x+2x^{-1}
0
2x+2x^{-1}
0
0
0
0
0

#124 [ 2, 3, 2, 4, 3, 1, 2 ]

x^7+3x^5+4x^3+4x+4x^{-1}+4x^{-3}+3x^{-5}+x^{-7}
x^3+3x+3x^{-1}+x^{-3}
0
x^5+3x^3+4x+4x^{-1}+3x^{-3}+x^{-5}
0
0
0
0
0
0
0
0
0

#126 [ 1, 2, 4, 3, 1, 2, 3 ]

x^7+3x^5+4x^3+4x+4x^{-1}+4x^{-3}+3x^{-5}+x^{-7}
x^3+3x+3x^{-1}+x^{-3}
x^5+3x^3+4x+4x^{-1}+3x^{-3}+x^{-5}
0
0
0
0
0
0
0
0
0
0

#128 [ 1, 3, 1, 4, 3, 1, 2 ]

x^7+3x^5+4x^3+4x+4x^{-1}+4x^{-3}+3x^{-5}+x^{-7}
x^3+3x+3x^{-1}+x^{-3}
0
0
x^5+3x^3+4x+4x^{-1}+3x^{-3}+x^{-5}
0
0
0
0
0
0
0
0

#135 [ 1, 2, 3, 4, 3, 1, 2 ]

x^7+4x^5+7x^3+8x+8x^{-1}+7x^{-3}+4x^{-5}+x^{-7}
-x^5-4x^3-7x-7x^{-1}-4x^{-3}-x^{-5}
x^5+4x^3+7x+7x^{-1}+4x^{-3}+x^{-5}
x^5+4x^3+7x+7x^{-1}+4x^{-3}+x^{-5}
x^5+4x^3+7x+7x^{-1}+4x^{-3}+x^{-5}
x^3+3x+3x^{-1}+x^{-3}
0
0
0
0
0
0
0

#137 [ 1, 3, 2, 4, 3, 1, 2 ]

x^7+4x^5+6x^3+6x+6x^{-1}+6x^{-3}+4x^{-5}+x^{-7}
x+x^{-1}
x^3+2x+2x^{-1}+x^{-3}
x^5+4x^3+6x+6x^{-1}+4x^{-3}+x^{-5}
x^3+2x+2x^{-1}+x^{-3}
x+x^{-1}
0
x+x^{-1}
0
0
0
0
0

#140 [ 3, 1, 4, 3, 1, 2, 3, 4 ]

x^8+5x^6+10x^4+12x^2+12+12x^{-2}+10x^{-4}+5x^{-6}+x^{-8}
x^2+2+x^{-2}
x^4+3x^2+4+3x^{-2}+x^{-4}
x^4+3x^2+4+3x^{-2}+x^{-4}
x^4+3x^2+4+3x^{-2}+x^{-4}
0
-x^2-2-x^{-2}
x^2+2+x^{-2}
0
0
0
0
0

#142 [ 3, 1, 2, 3, 4, 3, 1, 2 ]

x^8+7x^6+15x^4+17x^2+17+17x^{-2}+15x^{-4}+7x^{-6}+x^{-8}
2x^2+5+2x^{-2}
2x^4+6x^2+7+6x^{-2}+2x^{-4}
2x^4+6x^2+7+6x^{-2}+2x^{-4}
2x^4+6x^2+7+6x^{-2}+2x^{-4}
x^2+3+x^{-2}
0
1
0
0
0
0
0

#146 [ 2, 3, 1, 2, 3, 4, 3, 1 ]

x^8+4x^6+7x^4+8x^2+8+8x^{-2}+7x^{-4}+4x^{-6}+x^{-8}
x^4+4x^2+6+4x^{-2}+x^{-4}
0
0
x^4+2x^2+2+2x^{-2}+x^{-4}
0
0
0
0
0
0
0
0

#147 [ 3, 1, 2, 4, 3, 1, 2, 3 ]

x^8+4x^6+7x^4+8x^2+8+8x^{-2}+7x^{-4}+4x^{-6}+x^{-8}
x^4+4x^2+6+4x^{-2}+x^{-4}
x^4+2x^2+2+2x^{-2}+x^{-4}
0
0
0
0
0
0
0
0
0
0

#149 [ 2, 3, 2, 4, 3, 1, 2, 3 ]

x^8+4x^6+7x^4+8x^2+8+8x^{-2}+7x^{-4}+4x^{-6}+x^{-8}
x^4+4x^2+6+4x^{-2}+x^{-4}
0
x^4+2x^2+2+2x^{-2}+x^{-4}
0
0
0
0
0
0
0
0
0

#150 [ 1, 2, 4, 3, 1, 2, 3, 4 ]

x^8+4x^6+7x^4+8x^2+8+8x^{-2}+7x^{-4}+4x^{-6}+x^{-8}
x^4+4x^2+6+4x^{-2}+x^{-4}
x^6+4x^4+7x^2+8+7x^{-2}+4x^{-4}+x^{-6}
0
0
0
0
0
0
0
0
0
0

#152 [ 1, 2, 3, 1, 4, 3, 1, 2 ]

x^8+4x^6+7x^4+8x^2+8+8x^{-2}+7x^{-4}+4x^{-6}+x^{-8}
x^4+4x^2+6+4x^{-2}+x^{-4}
0
0
x^6+4x^4+7x^2+8+7x^{-2}+4x^{-4}+x^{-6}
0
0
0
0
0
0
0
0

#162 [ 1, 2, 3, 2, 4, 3, 1, 2 ]

x^8+4x^6+7x^4+8x^2+8+8x^{-2}+7x^{-4}+4x^{-6}+x^{-8}
x^4+4x^2+6+4x^{-2}+x^{-4}
0
x^6+4x^4+7x^2+8+7x^{-2}+4x^{-4}+x^{-6}
0
0
0
0
0
0
0
0
0

#163 [ 3, 1, 2, 3, 4, 3, 1, 2, 3 ]

x^9+8x^7+22x^5+32x^3+34x+34x^{-1}+32x^{-3}+22x^{-5}+8x^{-7}+x^{-9}
2x^3+7x+7x^{-1}+2x^{-3}
2x^5+8x^3+13x+13x^{-1}+8x^{-3}+2x^{-5}
2x^5+8x^3+13x+13x^{-1}+8x^{-3}+2x^{-5}
2x^5+8x^3+13x+13x^{-1}+8x^{-3}+2x^{-5}
x^3+4x+4x^{-1}+x^{-3}
0
x+x^{-1}
0
0
0
0
0

#164 [ 2, 3, 1, 4, 3, 1, 2, 3, 4 ]

x^9+6x^7+15x^5+22x^3+24x+24x^{-1}+22x^{-3}+15x^{-5}+6x^{-7}+x^{-9}
x^3+3x+3x^{-1}+x^{-3}
x^5+4x^3+7x+7x^{-1}+4x^{-3}+x^{-5}
x^5+4x^3+7x+7x^{-1}+4x^{-3}+x^{-5}
x^5+4x^3+7x+7x^{-1}+4x^{-3}+x^{-5}
0
-x^3-3x-3x^{-1}-x^{-3}
x^3+3x+3x^{-1}+x^{-3}
0
0
0
0
0

#165 [ 3, 1, 2, 4, 3, 1, 2, 3, 4 ]

x^9+5x^7+11x^5+15x^3+16x+16x^{-1}+15x^{-3}+11x^{-5}+5x^{-7}+x^{-9}
x^5+5x^3+10x+10x^{-1}+5x^{-3}+x^{-5}
x^5+3x^3+4x+4x^{-1}+3x^{-3}+x^{-5}
0
0
0
0
0
0
0
0
0
0

#166 [ 2, 3, 1, 2, 3, 4, 3, 1, 2 ]

x^9+5x^7+11x^5+15x^3+16x+16x^{-1}+15x^{-3}+11x^{-5}+5x^{-7}+x^{-9}
x^5+5x^3+10x+10x^{-1}+5x^{-3}+x^{-5}
0
0
x^5+3x^3+4x+4x^{-1}+3x^{-3}+x^{-5}
0
0
0
0
0
0
0
0

#167 [ 2, 3, 2, 4, 3, 1, 2, 3, 4 ]

x^9+4x^7+8x^5+11x^3+12x+12x^{-1}+11x^{-3}+8x^{-5}+4x^{-7}+x^{-9}
x^5+4x^3+7x+7x^{-1}+4x^{-3}+x^{-5}
0
0
0
0
0
0
0
0
0
0
0

#171 [ 1, 3, 1, 2, 3, 4, 3, 1, 2 ]

x^9+5x^7+11x^5+15x^3+16x+16x^{-1}+15x^{-3}+11x^{-5}+5x^{-7}+x^{-9}
x^5+5x^3+10x+10x^{-1}+5x^{-3}+x^{-5}
0
x^5+3x^3+4x+4x^{-1}+3x^{-3}+x^{-5}
0
0
0
0
0
0
0
0
0

#179 [ 3, 1, 2, 3, 4, 3, 1, 2, 3, 4 ]

x^10+5x^8+12x^6+19x^4+23x^2+24+23x^{-2}+19x^{-4}+12x^{-6}+5x^{-8}+x^{-10}
x^6+5x^4+11x^2+14+11x^{-2}+5x^{-4}+x^{-6}
x^6+3x^4+5x^2+6+5x^{-2}+3x^{-4}+x^{-6}
0
0
0
0
0
0
0
0
0
0

#180 [ 2, 3, 1, 2, 3, 4, 3, 1, 2, 3 ]

x^10+5x^8+12x^6+19x^4+23x^2+24+23x^{-2}+19x^{-4}+12x^{-6}+5x^{-8}+x^{-10}
x^6+5x^4+11x^2+14+11x^{-2}+5x^{-4}+x^{-6}
0
0
x^6+3x^4+5x^2+6+5x^{-2}+3x^{-4}+x^{-6}
0
0
0
0
0
0
0
0

#181 [ 2, 3, 1, 2, 4, 3, 1, 2, 3, 4 ]

x^10+5x^8+12x^6+19x^4+23x^2+24+23x^{-2}+19x^{-4}+12x^{-6}+5x^{-8}+x^{-10}
x^6+5x^4+11x^2+14+11x^{-2}+5x^{-4}+x^{-6}
0
0
0
0
0
0
0
0
0
0
0

#182 [ 1, 3, 1, 2, 3, 4, 3, 1, 2, 3 ]

x^10+5x^8+12x^6+19x^4+23x^2+24+23x^{-2}+19x^{-4}+12x^{-6}+5x^{-8}+x^{-10}
x^6+5x^4+11x^2+14+11x^{-2}+5x^{-4}+x^{-6}
0
x^6+3x^4+5x^2+6+5x^{-2}+3x^{-4}+x^{-6}
0
0
0
0
0
0
0
0
0

#188 [ 2, 3, 1, 2, 3, 4, 3, 1, 2, 3, 4 ]

x^11+4x^9+9x^7+15x^5+20x^3+23x+23x^{-1}+20x^{-3}+15x^{-5}+9x^{-7}+4x^{-9}+x^{-11}
x^7+4x^5+8x^3+11x+11x^{-1}+8x^{-3}+4x^{-5}+x^{-7}
0
0
0
0
0
0
0
0
0
0
0

#191 [ 1, 2, 3, 1, 2, 4, 3, 1, 2, 3, 4 ]

x^11+6x^9+17x^7+31x^5+42x^3+47x+47x^{-1}+42x^{-3}+31x^{-5}+17x^{-7}+6x^{-9}+x^{-11}
x^7+6x^5+16x^3+25x+25x^{-1}+16x^{-3}+6x^{-5}+x^{-7}
0
0
0
0
0
0
0
0
0
0
0

#192 [ 1, 2, 3, 1, 2, 3, 4, 3, 1, 2, 3, 4 ]

x^12+4x^10+9x^8+16x^6+23x^4+28x^2+30+28x^{-2}+23x^{-4}+16x^{-6}+9x^{-8}+4x^{-10}+x^{-12}
0
0
0
0
0
0
0
0
0
0
0
0
