#1 [  ]

1
0
0
0
0
0
0
0
0
0

#2 [ 4 ]

0
x+x^{-1}
0
0
0
0
0
0
0
0

#5 [ 1 ]

0
2x+2x^{-1}
0
0
0
0
0
0
0
0

#6 [ 4, 3 ]

0
1
x^2+1+x^{-2}
x^2+1+x^{-2}
0
0
0
0
0
0

#9 [ 2, 4 ]

0
0
0
0
x^2+2+x^{-2}
0
0
0
0
0

#10 [ 2, 1 ]

0
2
2x^2+2+2x^{-2}
0
0
0
0
0
0
0

#12 [ 1, 4 ]

0
0
0
0
2x^2+4+2x^{-2}
0
0
0
0
0

#15 [ 3, 4, 3 ]

0
0
x^3+2x+2x^{-1}+x^{-3}
x^3+2x+2x^{-1}+x^{-3}
0
0
0
0
0
0

#16 [ 2, 1, 2 ]

0
x+x^{-1}
2x^3+4x+4x^{-1}+2x^{-3}
0
0
0
0
0
0
0

#17 [ 4, 3, 2 ]

0
0
x+x^{-1}
x+x^{-1}
x+x^{-1}
0
x^3+x+x^{-1}+x^{-3}
0
0
0

#18 [ 3, 2, 1 ]

0
0
2x+2x^{-1}
x+x^{-1}
2x+2x^{-1}
2x^3+2x+2x^{-1}+2x^{-3}
0
0
0
0

#20 [ 2, 1, 4 ]

0
0
0
0
2x+2x^{-1}
0
0
x^3+2x+2x^{-1}+x^{-3}
0
0

#25 [ 1, 4, 3 ]

0
0
0
0
2x+2x^{-1}
0
0
0
x^3+2x+2x^{-1}+x^{-3}
0

#27 [ 1, 2, 1 ]

0
0
2x^3+4x+4x^{-1}+2x^{-3}
0
0
0
0
0
0
0

#31 [ 3, 2, 1, 2 ]

0
1
3x^2+5+3x^{-2}
1
0
2x^4+4x^2+4+4x^{-2}+2x^{-4}
0
0
0
0

#32 [ 2, 1, 2, 4 ]

0
0
0
0
x^2+2+x^{-2}
0
0
x^4+3x^2+4+3x^{-2}+x^{-4}
0
0

#34 [ 4, 3, 2, 1 ]

0
0
0
0
2
x^2+1+x^{-2}
x^2+2+x^{-2}
x^2+1+x^{-2}
x^2+2+x^{-2}
x^4+x^2+1+x^{-2}+x^{-4}

#35 [ 3, 4, 3, 2 ]

0
0
x^2+2+x^{-2}
x^2+2+x^{-2}
0
0
x^4+2x^2+2+2x^{-2}+x^{-4}
0
0
0

#37 [ 3, 2, 4, 3 ]

0
0
x^2+2+x^{-2}
x^2+2+x^{-2}
x^2+2+x^{-2}
0
x^4+2x^2+2+2x^{-2}+x^{-4}
0
0
0

#39 [ 2, 3, 2, 1 ]

0
0
2x^2+4+2x^{-2}
x^2+2+x^{-2}
0
2x^4+4x^2+4+4x^{-2}+2x^{-4}
0
0
0
0

#41 [ 2, 1, 3, 2 ]

0
0
2x^2+4+2x^{-2}
x^2+2+x^{-2}
2x^2+4+2x^{-2}
2x^4+4x^2+4+4x^{-2}+2x^{-4}
0
0
0
0

#45 [ 1, 3, 4, 3 ]

0
0
0
0
0
0
0
0
x^4+3x^2+4+3x^{-2}+x^{-4}
0

#46 [ 1, 2, 1, 2 ]

0
0
2x^4+4x^2+4+4x^{-2}+2x^{-4}
0
0
0
0
0
0
0

#47 [ 1, 2, 1, 4 ]

0
0
0
0
0
0
0
x^4+3x^2+4+3x^{-2}+x^{-4}
0
0

#55 [ 3, 2, 1, 2, 3 ]

0
x+x^{-1}
3x^3+8x+8x^{-1}+3x^{-3}
x+x^{-1}
0
2x^5+6x^3+8x+8x^{-1}+6x^{-3}+2x^{-5}
0
0
0
0

#56 [ 4, 3, 2, 1, 2 ]

0
0
x+x^{-1}
0
x+x^{-1}
3x^3+4x+4x^{-1}+3x^{-3}
2x+2x^{-1}
x^3+2x+2x^{-1}+x^{-3}
x+x^{-1}
x^5+2x^3+2x+2x^{-1}+2x^{-3}+x^{-5}

#60 [ 3, 4, 3, 2, 1 ]

0
0
0
0
0
x^3+2x+2x^{-1}+x^{-3}
x^3+3x+3x^{-1}+x^{-3}
0
x^3+3x+3x^{-1}+x^{-3}
x^5+2x^3+2x+2x^{-1}+2x^{-3}+x^{-5}

#61 [ 2, 1, 2, 3, 2 ]

0
0
x^3+4x+4x^{-1}+x^{-3}
x+x^{-1}
0
2x^5+6x^3+8x+8x^{-1}+6x^{-3}+2x^{-5}
0
0
0
0

#62 [ 3, 2, 4, 3, 2 ]

0
0
x+x^{-1}
x+x^{-1}
0
0
x^5+3x^3+4x+4x^{-1}+3x^{-3}+x^{-5}
0
0
0

#63 [ 3, 2, 1, 4, 3 ]

0
0
0
0
2x+2x^{-1}
x^3+2x+2x^{-1}+x^{-3}
x^3+3x+3x^{-1}+x^{-3}
x^3+2x+2x^{-1}+x^{-3}
x^3+3x+3x^{-1}+x^{-3}
x^5+2x^3+2x+2x^{-1}+2x^{-3}+x^{-5}

#64 [ 2, 4, 3, 2, 1 ]

0
0
2x+2x^{-1}
x+x^{-1}
0
3x^3+4x+4x^{-1}+3x^{-3}
x^3+3x+3x^{-1}+x^{-3}
0
x+x^{-1}
x^5+2x^3+2x+2x^{-1}+2x^{-3}+x^{-5}

#66 [ 2, 1, 3, 2, 1 ]

0
0
2x^3+7x+7x^{-1}+2x^{-3}
x+x^{-1}
2x+2x^{-1}
2x^5+6x^3+6x+6x^{-1}+6x^{-3}+2x^{-5}
0
0
0
0

#69 [ 2, 3, 4, 3, 2 ]

0
0
x^3+3x+3x^{-1}+x^{-3}
x^3+3x+3x^{-1}+x^{-3}
0
0
x^5+3x^3+4x+4x^{-1}+3x^{-3}+x^{-5}
0
0
0

#73 [ 1, 3, 2, 1, 2 ]

0
0
2x^3+5x+5x^{-1}+2x^{-3}
0
0
2x^5+4x^3+4x+4x^{-1}+4x^{-3}+2x^{-5}
0
0
0
0

#74 [ 1, 2, 1, 2, 4 ]

0
0
0
0
0
0
0
x^5+3x^3+4x+4x^{-1}+3x^{-3}+x^{-5}
0
0

#76 [ 1, 4, 3, 2, 1 ]

0
0
0
0
0
x^3+2x+2x^{-1}+x^{-3}
x^3+3x+3x^{-1}+x^{-3}
x^3+2x+2x^{-1}+x^{-3}
x+x^{-1}
x^5+2x^3+2x+2x^{-1}+2x^{-3}+x^{-5}

#82 [ 1, 2, 3, 2, 1 ]

0
0
2x^3+6x+6x^{-1}+2x^{-3}
x^3+3x+3x^{-1}+x^{-3}
0
2x^5+6x^3+8x+8x^{-1}+6x^{-3}+2x^{-5}
0
0
0
0

#87 [ 4, 3, 2, 1, 2, 3 ]

0
1
4x^2+7+4x^{-2}
1
0
5x^4+11x^2+12+11x^{-2}+5x^{-4}
2x^2+4+2x^{-2}
0
x^2+2+x^{-2}
x^6+3x^4+4x^2+4+4x^{-2}+3x^{-4}+x^{-6}

#89 [ 3, 4, 3, 2, 1, 2 ]

0
0
x^2+2+x^{-2}
0
0
3x^4+7x^2+8+7x^{-2}+3x^{-4}
2x^2+4+2x^{-2}
0
x^2+2+x^{-2}
x^6+3x^4+4x^2+4+4x^{-2}+3x^{-4}+x^{-6}

#90 [ 3, 2, 1, 2, 4, 3 ]

0
0
x^2+2+x^{-2}
0
x^2+2+x^{-2}
3x^4+7x^2+8+7x^{-2}+3x^{-4}
2x^2+4+2x^{-2}
x^4+3x^2+4+3x^{-2}+x^{-4}
x^2+2+x^{-2}
x^6+3x^4+4x^2+4+4x^{-2}+3x^{-4}+x^{-6}

#92 [ 2, 3, 2, 1, 2, 3 ]

0
0
x^4+3x^2+4+3x^{-2}+x^{-4}
0
0
2x^6+6x^4+10x^2+12+10x^{-2}+6x^{-4}+2x^{-6}
0
0
0
0

#93 [ 2, 1, 2, 3, 2, 1 ]

0
0
5x^2+10+5x^{-2}
x^2+2+x^{-2}
0
2x^6+8x^4+12x^2+12+12x^{-2}+8x^{-4}+2x^{-6}
0
0
0
0

#96 [ 3, 2, 4, 3, 2, 1 ]

0
0
0
0
0
x^4+3x^2+4+3x^{-2}+x^{-4}
x^4+4x^2+6+4x^{-2}+x^{-4}
0
x^2+2+x^{-2}
x^6+3x^4+4x^2+4+4x^{-2}+3x^{-4}+x^{-6}

#97 [ 3, 2, 1, 4, 3, 2 ]

0
0
2x^2+4+2x^{-2}
x^2+2+x^{-2}
2
3x^4+8x^2+9+8x^{-2}+3x^{-4}
x^4+5x^2+8+5x^{-2}+x^{-4}
x^2+1+x^{-2}
2x^2+4+2x^{-2}
x^6+4x^4+5x^2+5+5x^{-2}+4x^{-4}+x^{-6}

#99 [ 2, 1, 3, 2, 1, 2 ]

0
0
3x^2+6+3x^{-2}
0
0
2x^6+6x^4+8x^2+8+8x^{-2}+6x^{-4}+2x^{-6}
0
0
0
0

#100 [ 2, 1, 4, 3, 2, 1 ]

0
0
0
0
2
2x^4+5x^2+5+5x^{-2}+2x^{-4}
x^2+2+x^{-2}
x^4+4x^2+5+4x^{-2}+x^{-4}
x^2+2+x^{-2}
x^6+3x^4+3x^2+3+3x^{-2}+3x^{-4}+x^{-6}

#101 [ 2, 3, 2, 4, 3, 2 ]

0
0
0
0
0
0
x^6+3x^4+5x^2+6+5x^{-2}+3x^{-4}+x^{-6}
0
0
0

#103 [ 2, 3, 4, 3, 2, 1 ]

0
0
2x^2+4+2x^{-2}
x^2+2+x^{-2}
0
3x^4+7x^2+8+7x^{-2}+3x^{-4}
x^4+4x^2+6+4x^{-2}+x^{-4}
0
x^2+2+x^{-2}
x^6+3x^4+4x^2+4+4x^{-2}+3x^{-4}+x^{-6}

#106 [ 2, 1, 3, 4, 3, 2 ]

0
0
0
0
0
x^4+3x^2+4+3x^{-2}+x^{-4}
x^4+4x^2+6+4x^{-2}+x^{-4}
0
x^4+4x^2+6+4x^{-2}+x^{-4}
x^6+3x^4+4x^2+4+4x^{-2}+3x^{-4}+x^{-6}

#108 [ 1, 3, 2, 1, 2, 3 ]

0
0
2x^4+7x^2+10+7x^{-2}+2x^{-4}
0
0
2x^6+6x^4+8x^2+8+8x^{-2}+6x^{-4}+2x^{-6}
0
0
0
0

#109 [ 1, 4, 3, 2, 1, 2 ]

0
0
0
0
0
2x^4+4x^2+4+4x^{-2}+2x^{-4}
0
x^4+3x^2+4+3x^{-2}+x^{-4}
0
x^6+2x^4+2x^2+2+2x^{-2}+2x^{-4}+x^{-6}

#115 [ 1, 2, 1, 3, 2, 1 ]

0
0
3x^2+6+3x^{-2}
0
2x^2+4+2x^{-2}
2x^6+6x^4+8x^2+8+8x^{-2}+6x^{-4}+2x^{-6}
0
0
0
0

#120 [ 1, 3, 2, 1, 4, 3 ]

0
0
0
0
0
x^4+3x^2+4+3x^{-2}+x^{-4}
x^4+4x^2+6+4x^{-2}+x^{-4}
x^4+3x^2+4+3x^{-2}+x^{-4}
x^2+2+x^{-2}
x^6+3x^4+4x^2+4+4x^{-2}+3x^{-4}+x^{-6}

#126 [ 4, 3, 2, 1, 2, 3, 4 ]

0
x+x^{-1}
4x^3+11x+11x^{-1}+4x^{-3}
x+x^{-1}
0
5x^5+16x^3+23x+23x^{-1}+16x^{-3}+5x^{-5}
2x^3+6x+6x^{-1}+2x^{-3}
0
x^3+3x+3x^{-1}+x^{-3}
x^7+4x^5+7x^3+8x+8x^{-1}+7x^{-3}+4x^{-5}+x^{-7}

#127 [ 3, 2, 1, 2, 3, 4, 3 ]

0
0
x^3+3x+3x^{-1}+x^{-3}
0
0
3x^5+10x^3+15x+15x^{-1}+10x^{-3}+3x^{-5}
2x^3+6x+6x^{-1}+2x^{-3}
0
x^3+3x+3x^{-1}+x^{-3}
x^7+4x^5+7x^3+8x+8x^{-1}+7x^{-3}+4x^{-5}+x^{-7}

#129 [ 2, 1, 2, 3, 2, 1, 2 ]

0
0
4x^3+11x+11x^{-1}+4x^{-3}
x^3+2x+2x^{-1}+x^{-3}
0
2x^7+8x^5+14x^3+16x+16x^{-1}+14x^{-3}+8x^{-5}+2x^{-7}
0
0
0
0

#131 [ 2, 4, 3, 2, 1, 2, 3 ]

0
0
x^3+3x+3x^{-1}+x^{-3}
0
0
3x^5+9x^3+13x+13x^{-1}+9x^{-3}+3x^{-5}
x^3+3x+3x^{-1}+x^{-3}
0
0
x^7+3x^5+5x^3+6x+6x^{-1}+5x^{-3}+3x^{-5}+x^{-7}

#133 [ 2, 1, 3, 2, 1, 2, 3 ]

0
0
3x^3+9x+9x^{-1}+3x^{-3}
0
0
2x^7+8x^5+14x^3+16x+16x^{-1}+14x^{-3}+8x^{-5}+2x^{-7}
0
0
0
0

#134 [ 2, 1, 2, 4, 3, 2, 1 ]

0
0
2x+2x^{-1}
x+x^{-1}
0
2x^5+9x^3+12x+12x^{-1}+9x^{-3}+2x^{-5}
x^3+3x+3x^{-1}+x^{-3}
x^3+3x+3x^{-1}+x^{-3}
x+x^{-1}
x^7+4x^5+6x^3+6x+6x^{-1}+6x^{-3}+4x^{-5}+x^{-7}

#137 [ 3, 2, 4, 3, 2, 1, 2 ]

0
0
x+x^{-1}
0
0
x^5+6x^3+9x+9x^{-1}+6x^{-3}+x^{-5}
2x^3+6x+6x^{-1}+2x^{-3}
0
x+x^{-1}
x^7+4x^5+7x^3+8x+8x^{-1}+7x^{-3}+4x^{-5}+x^{-7}

#138 [ 3, 2, 1, 4, 3, 2, 1 ]

0
0
4x+4x^{-1}
2x+2x^{-1}
0
2x^5+12x^3+16x+16x^{-1}+12x^{-3}+2x^{-5}
2x^3+6x+6x^{-1}+2x^{-3}
x^3+3x+3x^{-1}+x^{-3}
2x+2x^{-1}
x^7+5x^5+8x^3+8x+8x^{-1}+8x^{-3}+5x^{-5}+x^{-7}

#139 [ 2, 1, 4, 3, 2, 1, 2 ]

0
0
0
0
0
2x^5+6x^3+8x+8x^{-1}+6x^{-3}+2x^{-5}
0
x^3+3x+3x^{-1}+x^{-3}
0
x^7+3x^5+4x^3+4x+4x^{-1}+4x^{-3}+3x^{-5}+x^{-7}

#141 [ 2, 3, 2, 4, 3, 2, 1 ]

0
0
0
0
0
x^5+3x^3+5x+5x^{-1}+3x^{-3}+x^{-5}
x^5+4x^3+7x+7x^{-1}+4x^{-3}+x^{-5}
0
0
x^7+3x^5+5x^3+6x+6x^{-1}+5x^{-3}+3x^{-5}+x^{-7}

#142 [ 2, 3, 2, 1, 4, 3, 2 ]

0
0
0
0
0
x^5+4x^3+7x+7x^{-1}+4x^{-3}+x^{-5}
x^5+5x^3+10x+10x^{-1}+5x^{-3}+x^{-5}
0
x^3+3x+3x^{-1}+x^{-3}
x^7+4x^5+7x^3+8x+8x^{-1}+7x^{-3}+4x^{-5}+x^{-7}

#146 [ 2, 1, 3, 4, 3, 2, 1 ]

0
0
0
0
0
2x^5+7x^3+10x+10x^{-1}+7x^{-3}+2x^{-5}
x^3+3x+3x^{-1}+x^{-3}
x^3+3x+3x^{-1}+x^{-3}
x^3+3x+3x^{-1}+x^{-3}
x^7+4x^5+6x^3+6x+6x^{-1}+6x^{-3}+4x^{-5}+x^{-7}

#147 [ 2, 1, 3, 2, 1, 4, 3 ]

0
0
2x+2x^{-1}
x+x^{-1}
0
2x^5+10x^3+14x+14x^{-1}+10x^{-3}+2x^{-5}
2x^3+6x+6x^{-1}+2x^{-3}
2x^3+5x+5x^{-1}+2x^{-3}
2x+2x^{-1}
x^7+5x^5+8x^3+8x+8x^{-1}+8x^{-3}+5x^{-5}+x^{-7}

#149 [ 1, 4, 3, 2, 1, 2, 3 ]

0
0
2x^3+5x+5x^{-1}+2x^{-3}
0
0
4x^5+10x^3+12x+12x^{-1}+10x^{-3}+4x^{-5}
0
x^3+3x+3x^{-1}+x^{-3}
0
x^7+3x^5+4x^3+4x+4x^{-1}+4x^{-3}+3x^{-5}+x^{-7}

#152 [ 1, 3, 2, 1, 2, 4, 3 ]

0
0
0
0
0
2x^5+6x^3+8x+8x^{-1}+6x^{-3}+2x^{-5}
0
x^5+4x^3+7x+7x^{-1}+4x^{-3}+x^{-5}
0
x^7+3x^5+4x^3+4x+4x^{-1}+4x^{-3}+3x^{-5}+x^{-7}

#155 [ 1, 2, 1, 2, 3, 2, 1 ]

0
0
x^3+4x+4x^{-1}+x^{-3}
0
0
2x^7+6x^5+10x^3+12x+12x^{-1}+10x^{-3}+6x^{-5}+2x^{-7}
0
0
0
0

#158 [ 1, 2, 1, 4, 3, 2, 1 ]

0
0
0
0
2x+2x^{-1}
2x^5+6x^3+8x+8x^{-1}+6x^{-3}+2x^{-5}
0
x^3+3x+3x^{-1}+x^{-3}
x^3+2x+2x^{-1}+x^{-3}
x^7+3x^5+4x^3+4x+4x^{-1}+4x^{-3}+3x^{-5}+x^{-7}

#167 [ 1, 2, 3, 4, 3, 2, 1 ]

0
0
2x^3+6x+6x^{-1}+2x^{-3}
x^3+3x+3x^{-1}+x^{-3}
0
3x^5+10x^3+15x+15x^{-1}+10x^{-3}+3x^{-5}
x^5+5x^3+10x+10x^{-1}+5x^{-3}+x^{-5}
0
x^3+3x+3x^{-1}+x^{-3}
x^7+4x^5+7x^3+8x+8x^{-1}+7x^{-3}+4x^{-5}+x^{-7}

#170 [ 3, 4, 3, 2, 1, 2, 3, 4 ]

0
0
x^4+3x^2+4+3x^{-2}+x^{-4}
0
0
3x^6+10x^4+18x^2+22+18x^{-2}+10x^{-4}+3x^{-6}
2x^4+6x^2+8+6x^{-2}+2x^{-4}
0
0
x^8+4x^6+8x^4+11x^2+12+11x^{-2}+8x^{-4}+4x^{-6}+x^{-8}

#171 [ 2, 1, 2, 3, 2, 1, 2, 3 ]

0
0
2x^4+6x^2+8+6x^{-2}+2x^{-4}
0
0
2x^8+6x^6+10x^4+12x^2+12+12x^{-2}+10x^{-4}+6x^{-6}+2x^{-8}
0
0
0
0

#172 [ 2, 1, 2, 4, 3, 2, 1, 2 ]

0
0
x^2+2+x^{-2}
x^2+2+x^{-2}
0
2x^6+8x^4+14x^2+16+14x^{-2}+8x^{-4}+2x^{-6}
x^4+2x^2+2+2x^{-2}+x^{-4}
x^4+4x^2+6+4x^{-2}+x^{-4}
0
x^8+4x^6+7x^4+8x^2+8+8x^{-2}+7x^{-4}+4x^{-6}+x^{-8}

#174 [ 3, 2, 1, 2, 3, 4, 3, 2 ]

0
0
2x^2+4+2x^{-2}
0
0
x^6+10x^4+22x^2+26+22x^{-2}+10x^{-4}+x^{-6}
2x^4+10x^2+16+10x^{-2}+2x^{-4}
0
2x^2+4+2x^{-2}
x^8+6x^6+14x^4+19x^2+20+19x^{-2}+14x^{-4}+6x^{-6}+x^{-8}

#175 [ 3, 2, 4, 3, 2, 1, 2, 3 ]

0
0
x^2+2+x^{-2}
0
0
x^6+6x^4+12x^2+14+12x^{-2}+6x^{-4}+x^{-6}
x^4+4x^2+6+4x^{-2}+x^{-4}
0
0
x^8+4x^6+8x^4+11x^2+12+11x^{-2}+8x^{-4}+4x^{-6}+x^{-8}

#176 [ 3, 2, 1, 2, 4, 3, 2, 1 ]

0
0
2x^2+4+2x^{-2}
x^2+2+x^{-2}
0
2x^6+11x^4+21x^2+24+21x^{-2}+11x^{-4}+2x^{-6}
x^4+4x^2+6+4x^{-2}+x^{-4}
x^4+4x^2+6+4x^{-2}+x^{-4}
x^2+2+x^{-2}
x^8+5x^6+10x^4+12x^2+12+12x^{-2}+10x^{-4}+5x^{-6}+x^{-8}

#177 [ 2, 4, 3, 2, 1, 2, 3, 4 ]

0
0
x^4+4x^2+6+4x^{-2}+x^{-4}
0
0
3x^6+12x^4+22x^2+26+22x^{-2}+12x^{-4}+3x^{-6}
x^4+4x^2+6+4x^{-2}+x^{-4}
0
0
x^8+4x^6+8x^4+11x^2+12+11x^{-2}+8x^{-4}+4x^{-6}+x^{-8}

#178 [ 2, 1, 4, 3, 2, 1, 2, 3 ]

0
0
3x^2+6+3x^{-2}
0
0
2x^6+11x^4+19x^2+20+19x^{-2}+11x^{-4}+2x^{-6}
2x^2+4+2x^{-2}
x^2+2+x^{-2}
0
x^8+4x^6+7x^4+8x^2+8+8x^{-2}+7x^{-4}+4x^{-6}+x^{-8}

#181 [ 3, 2, 1, 4, 3, 2, 1, 2 ]

0
0
0
0
0
5x^4+11x^2+12+11x^{-2}+5x^{-4}
2x^2+4+2x^{-2}
x^2+2+x^{-2}
0
x^8+4x^6+7x^4+8x^2+8+8x^{-2}+7x^{-4}+4x^{-6}+x^{-8}

#183 [ 2, 1, 2, 3, 2, 1, 4, 3 ]

0
0
0
0
0
6x^4+14x^2+16+14x^{-2}+6x^{-4}
x^4+6x^2+10+6x^{-2}+x^{-4}
x^2+2+x^{-2}
x^2+2+x^{-2}
x^8+5x^6+10x^4+12x^2+12+12x^{-2}+10x^{-4}+5x^{-6}+x^{-8}

#184 [ 2, 1, 2, 3, 2, 4, 3, 2 ]

0
0
0
0
0
x^6+4x^4+8x^2+10+8x^{-2}+4x^{-4}+x^{-6}
2x^4+6x^2+8+6x^{-2}+2x^{-4}
0
0
x^8+4x^6+8x^4+11x^2+12+11x^{-2}+8x^{-4}+4x^{-6}+x^{-8}

#187 [ 2, 3, 2, 1, 2, 4, 3, 2 ]

0
0
0
0
0
x^6+4x^4+8x^2+10+8x^{-2}+4x^{-4}+x^{-6}
2x^4+6x^2+8+6x^{-2}+2x^{-4}
0
x^4+3x^2+4+3x^{-2}+x^{-4}
x^8+4x^6+8x^4+11x^2+12+11x^{-2}+8x^{-4}+4x^{-6}+x^{-8}

#189 [ 2, 1, 3, 4, 3, 2, 1, 2 ]

0
0
0
0
0
2x^6+8x^4+14x^2+16+14x^{-2}+8x^{-4}+2x^{-6}
0
x^4+4x^2+6+4x^{-2}+x^{-4}
0
x^8+4x^6+7x^4+8x^2+8+8x^{-2}+7x^{-4}+4x^{-6}+x^{-8}

#191 [ 2, 1, 3, 2, 1, 4, 3, 2 ]

0
0
2x^2+4+2x^{-2}
x^2+2+x^{-2}
0
2x^6+12x^4+24x^2+28+24x^{-2}+12x^{-4}+2x^{-6}
2x^4+8x^2+12+8x^{-2}+2x^{-4}
2x^4+7x^2+10+7x^{-2}+2x^{-4}
2x^2+4+2x^{-2}
x^8+6x^6+13x^4+16x^2+16+16x^{-2}+13x^{-4}+6x^{-6}+x^{-8}

#192 [ 2, 1, 3, 2, 4, 3, 2, 1 ]

0
0
0
0
0
7x^4+17x^2+20+17x^{-2}+7x^{-4}
2x^4+10x^2+16+10x^{-2}+2x^{-4}
x^2+2+x^{-2}
2x^2+4+2x^{-2}
x^8+6x^6+13x^4+16x^2+16+16x^{-2}+13x^{-4}+6x^{-6}+x^{-8}

#193 [ 1, 4, 3, 2, 1, 2, 3, 4 ]

0
0
2x^4+7x^2+10+7x^{-2}+2x^{-4}
0
0
4x^6+14x^4+22x^2+24+22x^{-2}+14x^{-4}+4x^{-6}
0
x^4+4x^2+6+4x^{-2}+x^{-4}
0
x^8+4x^6+7x^4+8x^2+8+8x^{-2}+7x^{-4}+4x^{-6}+x^{-8}

#196 [ 1, 2, 1, 2, 3, 2, 1, 2 ]

0
0
x^4+2x^2+2+2x^{-2}+x^{-4}
0
0
2x^8+6x^6+10x^4+14x^2+16+14x^{-2}+10x^{-4}+6x^{-6}+2x^{-8}
0
0
0
0

#197 [ 1, 2, 1, 3, 2, 1, 2, 3 ]

0
0
x^4+5x^2+8+5x^{-2}+x^{-4}
0
0
2x^8+8x^6+16x^4+22x^2+24+22x^{-2}+16x^{-4}+8x^{-6}+2x^{-8}
0
0
0
0

#201 [ 1, 2, 1, 2, 4, 3, 2, 1 ]

0
0
0
0
0
2x^6+6x^4+10x^2+12+10x^{-2}+6x^{-4}+2x^{-6}
0
x^2+2+x^{-2}
0
x^8+3x^6+5x^4+6x^2+6+6x^{-2}+5x^{-4}+3x^{-6}+x^{-8}

#206 [ 1, 3, 2, 1, 4, 3, 2, 1 ]

0
0
2x^2+4+2x^{-2}
x^2+2+x^{-2}
0
2x^6+9x^4+17x^2+20+17x^{-2}+9x^{-4}+2x^{-6}
x^4+4x^2+6+4x^{-2}+x^{-4}
x^2+2+x^{-2}
x^2+2+x^{-2}
x^8+4x^6+8x^4+10x^2+10+10x^{-2}+8x^{-4}+4x^{-6}+x^{-8}

#210 [ 1, 2, 1, 3, 4, 3, 2, 1 ]

0
0
0
0
0
2x^6+8x^4+14x^2+16+14x^{-2}+8x^{-4}+2x^{-6}
0
x^4+4x^2+6+4x^{-2}+x^{-4}
x^4+3x^2+4+3x^{-2}+x^{-4}
x^8+4x^6+7x^4+8x^2+8+8x^{-2}+7x^{-4}+4x^{-6}+x^{-8}

#214 [ 1, 2, 3, 2, 4, 3, 2, 1 ]

0
0
0
0
0
x^6+4x^4+8x^2+10+8x^{-2}+4x^{-4}+x^{-6}
x^6+5x^4+11x^2+14+11x^{-2}+5x^{-4}+x^{-6}
0
0
x^8+4x^6+8x^4+11x^2+12+11x^{-2}+8x^{-4}+4x^{-6}+x^{-8}

#216 [ 3, 2, 1, 2, 4, 3, 2, 1, 2 ]

0
0
2x^3+8x+8x^{-1}+2x^{-3}
x+x^{-1}
0
2x^7+12x^5+30x^3+38x+38x^{-1}+30x^{-3}+12x^{-5}+2x^{-7}
2x^3+6x+6x^{-1}+2x^{-3}
2x^3+6x+6x^{-1}+2x^{-3}
x+x^{-1}
x^9+5x^7+12x^5+16x^3+16x+16x^{-1}+16x^{-3}+12x^{-5}+5x^{-7}+x^{-9}

#217 [ 2, 1, 2, 4, 3, 2, 1, 2, 3 ]

0
0
2x^3+6x+6x^{-1}+2x^{-3}
0
0
2x^7+8x^5+15x^3+18x+18x^{-1}+15x^{-3}+8x^{-5}+2x^{-7}
x^3+3x+3x^{-1}+x^{-3}
0
0
x^9+3x^7+5x^5+6x^3+6x+6x^{-1}+6x^{-3}+5x^{-5}+3x^{-7}+x^{-9}

#220 [ 2, 1, 2, 3, 4, 3, 2, 1, 2 ]

0
0
x^3+3x+3x^{-1}+x^{-3}
x^3+3x+3x^{-1}+x^{-3}
0
2x^7+10x^5+22x^3+30x+30x^{-1}+22x^{-3}+10x^{-5}+2x^{-7}
x^5+3x^3+4x+4x^{-1}+3x^{-3}+x^{-5}
2x^3+6x+6x^{-1}+2x^{-3}
0
x^9+5x^7+11x^5+15x^3+16x+16x^{-1}+15x^{-3}+11x^{-5}+5x^{-7}+x^{-9}

#221 [ 3, 2, 4, 3, 2, 1, 2, 3, 4 ]

0
0
x^3+3x+3x^{-1}+x^{-3}
0
0
x^7+7x^5+18x^3+26x+26x^{-1}+18x^{-3}+7x^{-5}+x^{-7}
x^5+5x^3+10x+10x^{-1}+5x^{-3}+x^{-5}
0
0
x^9+5x^7+12x^5+19x^3+23x+23x^{-1}+19x^{-3}+12x^{-5}+5x^{-7}+x^{-9}

#222 [ 3, 2, 1, 2, 3, 4, 3, 2, 1 ]

0
0
2x+2x^{-1}
x+x^{-1}
0
8x^5+29x^3+42x+42x^{-1}+29x^{-3}+8x^{-5}
x^5+8x^3+19x+19x^{-1}+8x^{-3}+x^{-5}
2x^3+6x+6x^{-1}+2x^{-3}
x^3+4x+4x^{-1}+x^{-3}
x^9+7x^7+19x^5+28x^3+30x+30x^{-1}+28x^{-3}+19x^{-5}+7x^{-7}+x^{-9}

#223 [ 3, 2, 1, 4, 3, 2, 1, 2, 3 ]

0
0
0
0
0
5x^5+16x^3+23x+23x^{-1}+16x^{-3}+5x^{-5}
2x^3+6x+6x^{-1}+2x^{-3}
x^3+3x+3x^{-1}+x^{-3}
0
x^9+5x^7+11x^5+15x^3+16x+16x^{-1}+15x^{-3}+11x^{-5}+5x^{-7}+x^{-9}

#224 [ 2, 1, 4, 3, 2, 1, 2, 3, 4 ]

0
0
3x^3+9x+9x^{-1}+3x^{-3}
0
0
2x^7+13x^5+30x^3+39x+39x^{-1}+30x^{-3}+13x^{-5}+2x^{-7}
2x^3+6x+6x^{-1}+2x^{-3}
x^3+3x+3x^{-1}+x^{-3}
0
x^9+5x^7+11x^5+15x^3+16x+16x^{-1}+15x^{-3}+11x^{-5}+5x^{-7}+x^{-9}

#225 [ 2, 3, 2, 1, 2, 3, 4, 3, 2 ]

0
0
0
0
0
x^7+4x^5+9x^3+13x+13x^{-1}+9x^{-3}+4x^{-5}+x^{-7}
x^5+4x^3+7x+7x^{-1}+4x^{-3}+x^{-5}
0
0
x^9+4x^7+9x^5+14x^3+17x+17x^{-1}+14x^{-3}+9x^{-5}+4x^{-7}+x^{-9}

#228 [ 2, 1, 2, 3, 2, 1, 4, 3, 2 ]

0
0
0
0
0
6x^5+20x^3+30x+30x^{-1}+20x^{-3}+6x^{-5}
x^5+7x^3+16x+16x^{-1}+7x^{-3}+x^{-5}
x^3+3x+3x^{-1}+x^{-3}
x^3+3x+3x^{-1}+x^{-3}
x^9+6x^7+15x^5+22x^3+24x+24x^{-1}+22x^{-3}+15x^{-5}+6x^{-7}+x^{-9}

#229 [ 2, 1, 2, 3, 2, 4, 3, 2, 1 ]

0
0
0
0
0
4x^5+13x^3+20x+20x^{-1}+13x^{-3}+4x^{-5}
x^5+6x^3+13x+13x^{-1}+6x^{-3}+x^{-5}
0
0
x^9+5x^7+11x^5+16x^3+18x+18x^{-1}+16x^{-3}+11x^{-5}+5x^{-7}+x^{-9}

#230 [ 2, 3, 2, 1, 4, 3, 2, 1, 2 ]

0
0
0
0
0
3x^5+10x^3+15x+15x^{-1}+10x^{-3}+3x^{-5}
2x^3+6x+6x^{-1}+2x^{-3}
0
0
x^9+4x^7+8x^5+11x^3+12x+12x^{-1}+11x^{-3}+8x^{-5}+4x^{-7}+x^{-9}

#232 [ 2, 3, 2, 1, 2, 4, 3, 2, 1 ]

0
0
0
0
0
5x^5+17x^3+25x+25x^{-1}+17x^{-3}+5x^{-5}
3x^3+9x+9x^{-1}+3x^{-3}
x^3+3x+3x^{-1}+x^{-3}
x^3+3x+3x^{-1}+x^{-3}
x^9+5x^7+12x^5+17x^3+18x+18x^{-1}+17x^{-3}+12x^{-5}+5x^{-7}+x^{-9}

#233 [ 2, 1, 3, 4, 3, 2, 1, 2, 3 ]

0
0
0
0
0
7x^5+22x^3+31x+31x^{-1}+22x^{-3}+7x^{-5}
2x^3+6x+6x^{-1}+2x^{-3}
2x^3+6x+6x^{-1}+2x^{-3}
0
x^9+6x^7+14x^5+19x^3+20x+20x^{-1}+19x^{-3}+14x^{-5}+6x^{-7}+x^{-9}

#234 [ 2, 1, 3, 2, 1, 2, 4, 3, 2 ]

0
0
0
0
0
2x^7+8x^5+16x^3+22x+22x^{-1}+16x^{-3}+8x^{-5}+2x^{-7}
0
x^5+4x^3+7x+7x^{-1}+4x^{-3}+x^{-5}
0
x^9+4x^7+8x^5+11x^3+12x+12x^{-1}+11x^{-3}+8x^{-5}+4x^{-7}+x^{-9}

#235 [ 2, 1, 3, 2, 1, 4, 3, 2, 1 ]

0
0
x^3+6x+6x^{-1}+x^{-3}
x+x^{-1}
0
2x^7+11x^5+30x^3+41x+41x^{-1}+30x^{-3}+11x^{-5}+2x^{-7}
4x^3+12x+12x^{-1}+4x^{-3}
2x^3+5x+5x^{-1}+2x^{-3}
2x+2x^{-1}
x^9+5x^7+13x^5+19x^3+20x+20x^{-1}+19x^{-3}+13x^{-5}+5x^{-7}+x^{-9}

#238 [ 1, 2, 1, 2, 3, 2, 1, 2, 3 ]

0
0
0
0
0
2x^9+6x^7+10x^5+14x^3+16x+16x^{-1}+14x^{-3}+10x^{-5}+6x^{-7}+2x^{-9}
0
0
0
0

#239 [ 1, 2, 1, 2, 4, 3, 2, 1, 2 ]

0
0
0
0
0
2x^7+6x^5+10x^3+14x+14x^{-1}+10x^{-3}+6x^{-5}+2x^{-7}
0
0
0
x^9+3x^7+5x^5+7x^3+8x+8x^{-1}+7x^{-3}+5x^{-5}+3x^{-7}+x^{-9}

#241 [ 1, 2, 1, 4, 3, 2, 1, 2, 3 ]

0
0
x^3+4x+4x^{-1}+x^{-3}
0
0
2x^7+9x^5+20x^3+27x+27x^{-1}+20x^{-3}+9x^{-5}+2x^{-7}
2x^3+6x+6x^{-1}+2x^{-3}
0
0
x^9+4x^7+8x^5+11x^3+12x+12x^{-1}+11x^{-3}+8x^{-5}+4x^{-7}+x^{-9}

#246 [ 1, 3, 2, 1, 2, 4, 3, 2, 1 ]

0
0
0
0
0
2x^7+8x^5+16x^3+22x+22x^{-1}+16x^{-3}+8x^{-5}+2x^{-7}
0
x^3+3x+3x^{-1}+x^{-3}
0
x^9+4x^7+8x^5+11x^3+12x+12x^{-1}+11x^{-3}+8x^{-5}+4x^{-7}+x^{-9}

#260 [ 3, 2, 1, 2, 3, 4, 3, 2, 1, 2 ]

0
0
3x^2+6+3x^{-2}
x^2+2+x^{-2}
0
6x^6+30x^4+56x^2+64+56x^{-2}+30x^{-4}+6x^{-6}
3x^4+14x^2+22+14x^{-2}+3x^{-4}
3x^2+6+3x^{-2}
x^2+2+x^{-2}
x^10+7x^8+20x^6+33x^4+38x^2+38+38x^{-2}+33x^{-4}+20x^{-6}+7x^{-8}+x^{-10}

#261 [ 3, 2, 1, 2, 4, 3, 2, 1, 2, 3 ]

0
0
2x^2+4+2x^{-2}
0
0
4x^6+13x^4+21x^2+24+21x^{-2}+13x^{-4}+4x^{-6}
x^4+4x^2+6+4x^{-2}+x^{-4}
0
0
x^10+4x^8+8x^6+11x^4+12x^2+12+12x^{-2}+11x^{-4}+8x^{-6}+4x^{-8}+x^{-10}

#262 [ 2, 1, 2, 4, 3, 2, 1, 2, 3, 4 ]

0
0
2x^4+8x^2+12+8x^{-2}+2x^{-4}
0
0
2x^8+10x^6+23x^4+33x^2+36+33x^{-2}+23x^{-4}+10x^{-6}+2x^{-8}
x^4+4x^2+6+4x^{-2}+x^{-4}
0
0
x^10+4x^8+8x^6+11x^4+12x^2+12+12x^{-2}+11x^{-4}+8x^{-6}+4x^{-8}+x^{-10}

#265 [ 3, 2, 1, 4, 3, 2, 1, 2, 3, 4 ]

0
0
0
0
0
5x^6+21x^4+39x^2+46+39x^{-2}+21x^{-4}+5x^{-6}
2x^4+8x^2+12+8x^{-2}+2x^{-4}
x^4+4x^2+6+4x^{-2}+x^{-4}
0
x^10+6x^8+16x^6+26x^4+31x^2+32+31x^{-2}+26x^{-4}+16x^{-6}+6x^{-8}+x^{-10}

#266 [ 2, 1, 2, 3, 2, 1, 2, 4, 3, 2 ]

0
0
0
0
0
4x^6+18x^4+34x^2+40+34x^{-2}+18x^{-4}+4x^{-6}
x^4+6x^2+10+6x^{-2}+x^{-4}
x^4+4x^2+6+4x^{-2}+x^{-4}
x^2+2+x^{-2}
x^10+5x^8+13x^6+21x^4+24x^2+24+24x^{-2}+21x^{-4}+13x^{-6}+5x^{-8}+x^{-10}

#267 [ 2, 3, 2, 4, 3, 2, 1, 2, 3, 4 ]

0
0
0
0
0
x^8+4x^6+9x^4+14x^2+16+14x^{-2}+9x^{-4}+4x^{-6}+x^{-8}
x^6+3x^4+5x^2+6+5x^{-2}+3x^{-4}+x^{-6}
0
0
x^10+4x^8+9x^6+15x^4+20x^2+22+20x^{-2}+15x^{-4}+9x^{-6}+4x^{-8}+x^{-10}

#268 [ 2, 3, 2, 1, 2, 3, 4, 3, 2, 1 ]

0
0
0
0
0
3x^6+13x^4+25x^2+30+25x^{-2}+13x^{-4}+3x^{-6}
2x^4+8x^2+12+8x^{-2}+2x^{-4}
0
0
x^10+5x^8+12x^6+19x^4+23x^2+24+23x^{-2}+19x^{-4}+12x^{-6}+5x^{-8}+x^{-10}

#271 [ 2, 1, 2, 3, 2, 1, 4, 3, 2, 1 ]

0
0
0
0
0
5x^6+22x^4+42x^2+50+42x^{-2}+22x^{-4}+5x^{-6}
3x^4+12x^2+18+12x^{-2}+3x^{-4}
x^4+4x^2+6+4x^{-2}+x^{-4}
x^2+2+x^{-2}
x^10+6x^8+17x^6+29x^4+35x^2+36+35x^{-2}+29x^{-4}+17x^{-6}+6x^{-8}+x^{-10}

#272 [ 2, 1, 2, 3, 2, 4, 3, 2, 1, 2 ]

0
0
0
0
0
3x^6+13x^4+25x^2+30+25x^{-2}+13x^{-4}+3x^{-6}
x^6+5x^4+13x^2+18+13x^{-2}+5x^{-4}+x^{-6}
0
0
x^10+5x^8+12x^6+19x^4+23x^2+24+23x^{-2}+19x^{-4}+12x^{-6}+5x^{-8}+x^{-10}

#276 [ 2, 1, 3, 2, 1, 2, 4, 3, 2, 1 ]

0
0
0
0
0
2x^8+8x^6+19x^4+30x^2+34+30x^{-2}+19x^{-4}+8x^{-6}+2x^{-8}
0
x^4+4x^2+6+4x^{-2}+x^{-4}
0
x^10+4x^8+9x^6+14x^4+16x^2+16+16x^{-2}+14x^{-4}+9x^{-6}+4x^{-8}+x^{-10}

#278 [ 1, 3, 2, 1, 2, 4, 3, 2, 1, 2 ]

0
0
0
0
0
2x^8+8x^6+17x^4+26x^2+30+26x^{-2}+17x^{-4}+8x^{-6}+2x^{-8}
0
x^2+2+x^{-2}
0
x^10+4x^8+8x^6+12x^4+14x^2+14+14x^{-2}+12x^{-4}+8x^{-6}+4x^{-8}+x^{-10}

#279 [ 1, 2, 1, 2, 4, 3, 2, 1, 2, 3 ]

0
0
0
0
0
2x^8+6x^6+11x^4+16x^2+18+16x^{-2}+11x^{-4}+6x^{-6}+2x^{-8}
0
0
0
x^10+3x^8+5x^6+7x^4+8x^2+8+8x^{-2}+7x^{-4}+5x^{-6}+3x^{-8}+x^{-10}

#282 [ 1, 2, 1, 2, 3, 4, 3, 2, 1, 2 ]

0
0
0
0
0
2x^8+8x^6+16x^4+24x^2+28+24x^{-2}+16x^{-4}+8x^{-6}+2x^{-8}
0
0
0
x^10+4x^8+8x^6+12x^4+15x^2+16+15x^{-2}+12x^{-4}+8x^{-6}+4x^{-8}+x^{-10}

#283 [ 1, 2, 1, 4, 3, 2, 1, 2, 3, 4 ]

0
0
x^4+5x^2+8+5x^{-2}+x^{-4}
0
0
2x^8+11x^6+29x^4+47x^2+54+47x^{-2}+29x^{-4}+11x^{-6}+2x^{-8}
2x^4+8x^2+12+8x^{-2}+2x^{-4}
0
0
x^10+5x^8+12x^6+19x^4+23x^2+24+23x^{-2}+19x^{-4}+12x^{-6}+5x^{-8}+x^{-10}

#285 [ 1, 3, 2, 1, 2, 3, 4, 3, 2, 1 ]

0
0
0
0
0
5x^6+19x^4+35x^2+42+35x^{-2}+19x^{-4}+5x^{-6}
2x^4+8x^2+12+8x^{-2}+2x^{-4}
x^2+2+x^{-2}
0
x^10+6x^8+15x^6+24x^4+29x^2+30+29x^{-2}+24x^{-4}+15x^{-6}+6x^{-8}+x^{-10}

#292 [ 1, 2, 1, 3, 2, 1, 4, 3, 2, 1 ]

0
0
3x^2+6+3x^{-2}
0
0
3x^6+16x^4+30x^2+34+30x^{-2}+16x^{-4}+3x^{-6}
3x^4+12x^2+18+12x^{-2}+3x^{-4}
2x^4+5x^2+6+5x^{-2}+2x^{-4}
x^2+2+x^{-2}
x^10+4x^8+11x^6+19x^4+23x^2+24+23x^{-2}+19x^{-4}+11x^{-6}+4x^{-8}+x^{-10}

#297 [ 1, 2, 3, 2, 1, 2, 4, 3, 2, 1 ]

0
0
0
0
0
5x^6+22x^4+42x^2+50+42x^{-2}+22x^{-4}+5x^{-6}
3x^4+12x^2+18+12x^{-2}+3x^{-4}
x^4+4x^2+6+4x^{-2}+x^{-4}
x^4+4x^2+6+4x^{-2}+x^{-4}
x^10+6x^8+17x^6+29x^4+35x^2+36+35x^{-2}+29x^{-4}+17x^{-6}+6x^{-8}+x^{-10}

#299 [ 3, 2, 1, 2, 3, 4, 3, 2, 1, 2, 3 ]

0
0
3x^3+9x+9x^{-1}+3x^{-3}
x^3+3x+3x^{-1}+x^{-3}
0
6x^7+36x^5+86x^3+120x+120x^{-1}+86x^{-3}+36x^{-5}+6x^{-7}
3x^5+17x^3+36x+36x^{-1}+17x^{-3}+3x^{-5}
3x^3+9x+9x^{-1}+3x^{-3}
x^3+3x+3x^{-1}+x^{-3}
x^11+8x^9+27x^7+53x^5+71x^3+76x+76x^{-1}+71x^{-3}+53x^{-5}+27x^{-7}+8x^{-9}+x^{-11}

#300 [ 3, 2, 1, 2, 4, 3, 2, 1, 2, 3, 4 ]

0
0
2x^3+6x+6x^{-1}+2x^{-3}
0
0
4x^7+17x^5+34x^3+45x+45x^{-1}+34x^{-3}+17x^{-5}+4x^{-7}
x^5+5x^3+10x+10x^{-1}+5x^{-3}+x^{-5}
0
0
x^11+5x^9+12x^7+19x^5+23x^3+24x+24x^{-1}+23x^{-3}+19x^{-5}+12x^{-7}+5x^{-9}+x^{-11}

#302 [ 2, 1, 2, 3, 2, 1, 2, 3, 4, 3, 2 ]

0
0
0
0
0
2x^7+9x^5+19x^3+27x+27x^{-1}+19x^{-3}+9x^{-5}+2x^{-7}
x^5+4x^3+7x+7x^{-1}+4x^{-3}+x^{-5}
0
0
x^11+4x^9+9x^7+14x^5+17x^3+18x+18x^{-1}+17x^{-3}+14x^{-5}+9x^{-7}+4x^{-9}+x^{-11}

#303 [ 2, 1, 2, 3, 2, 1, 2, 4, 3, 2, 1 ]

0
0
0
0
0
2x^7+19x^5+52x^3+74x+74x^{-1}+52x^{-3}+19x^{-5}+2x^{-7}
5x^3+15x+15x^{-1}+5x^{-3}
3x^3+9x+9x^{-1}+3x^{-3}
x^3+3x+3x^{-1}+x^{-3}
x^11+6x^9+19x^7+38x^5+51x^3+54x+54x^{-1}+51x^{-3}+38x^{-5}+19x^{-7}+6x^{-9}+x^{-11}

#304 [ 2, 1, 2, 3, 2, 4, 3, 2, 1, 2, 3 ]

0
0
0
0
0
2x^7+12x^5+29x^3+42x+42x^{-1}+29x^{-3}+12x^{-5}+2x^{-7}
x^5+6x^3+13x+13x^{-1}+6x^{-3}+x^{-5}
0
0
x^11+5x^9+13x^7+22x^5+28x^3+30x+30x^{-1}+28x^{-3}+22x^{-5}+13x^{-7}+5x^{-9}+x^{-11}

#305 [ 2, 3, 2, 1, 4, 3, 2, 1, 2, 3, 4 ]

0
0
0
0
0
3x^7+12x^5+25x^3+35x+35x^{-1}+25x^{-3}+12x^{-5}+3x^{-7}
x^5+4x^3+7x+7x^{-1}+4x^{-3}+x^{-5}
0
0
x^11+5x^9+12x^7+20x^5+26x^3+29x+29x^{-1}+26x^{-3}+20x^{-5}+12x^{-7}+5x^{-9}+x^{-11}

#307 [ 2, 1, 3, 2, 4, 3, 2, 1, 2, 3, 4 ]

0
0
0
0
0
5x^7+26x^5+60x^3+85x+85x^{-1}+60x^{-3}+26x^{-5}+5x^{-7}
2x^5+10x^3+20x+20x^{-1}+10x^{-3}+2x^{-5}
x^5+5x^3+10x+10x^{-1}+5x^{-3}+x^{-5}
0
x^11+7x^9+22x^7+42x^5+57x^3+63x+63x^{-1}+57x^{-3}+42x^{-5}+22x^{-7}+7x^{-9}+x^{-11}

#308 [ 2, 1, 3, 2, 1, 2, 3, 4, 3, 2, 1 ]

0
0
0
0
0
2x^7+15x^5+39x^3+56x+56x^{-1}+39x^{-3}+15x^{-5}+2x^{-7}
4x^3+12x+12x^{-1}+4x^{-3}
x^3+3x+3x^{-1}+x^{-3}
0
x^11+6x^9+17x^7+31x^5+41x^3+44x+44x^{-1}+41x^{-3}+31x^{-5}+17x^{-7}+6x^{-9}+x^{-11}

#309 [ 2, 1, 2, 3, 2, 1, 4, 3, 2, 1, 2 ]

0
0
0
0
0
3x^7+13x^5+28x^3+40x+40x^{-1}+28x^{-3}+13x^{-5}+3x^{-7}
2x^5+8x^3+14x+14x^{-1}+8x^{-3}+2x^{-5}
0
0
x^11+5x^9+13x^7+23x^5+31x^3+35x+35x^{-1}+31x^{-3}+23x^{-5}+13x^{-7}+5x^{-9}+x^{-11}

#311 [ 2, 1, 3, 2, 1, 2, 4, 3, 2, 1, 2 ]

0
0
0
0
0
2x^7+9x^5+19x^3+26x+26x^{-1}+19x^{-3}+9x^{-5}+2x^{-7}
0
x^3+3x+3x^{-1}+x^{-3}
0
x^11+4x^9+9x^7+15x^5+19x^3+20x+20x^{-1}+19x^{-3}+15x^{-5}+9x^{-7}+4x^{-9}+x^{-11}

#313 [ 1, 3, 2, 1, 2, 3, 4, 3, 2, 1, 2 ]

0
0
0
0
0
4x^7+16x^5+33x^3+47x+47x^{-1}+33x^{-3}+16x^{-5}+4x^{-7}
2x^3+6x+6x^{-1}+2x^{-3}
0
0
x^11+6x^9+15x^7+25x^5+33x^3+36x+36x^{-1}+33x^{-3}+25x^{-5}+15x^{-7}+6x^{-9}+x^{-11}

#314 [ 1, 3, 2, 1, 2, 4, 3, 2, 1, 2, 3 ]

0
0
0
0
0
2x^7+7x^5+13x^3+18x+18x^{-1}+13x^{-3}+7x^{-5}+2x^{-7}
0
0
0
x^11+4x^9+8x^7+12x^5+15x^3+16x+16x^{-1}+15x^{-3}+12x^{-5}+8x^{-7}+4x^{-9}+x^{-11}

#315 [ 1, 2, 1, 2, 4, 3, 2, 1, 2, 3, 4 ]

0
0
0
0
0
2x^9+8x^7+17x^5+27x^3+34x+34x^{-1}+27x^{-3}+17x^{-5}+8x^{-7}+2x^{-9}
0
0
0
x^11+4x^9+8x^7+12x^5+15x^3+16x+16x^{-1}+15x^{-3}+12x^{-5}+8x^{-7}+4x^{-9}+x^{-11}

#318 [ 1, 3, 2, 1, 4, 3, 2, 1, 2, 3, 4 ]

0
0
0
0
0
3x^7+16x^5+38x^3+55x+55x^{-1}+38x^{-3}+16x^{-5}+3x^{-7}
2x^5+10x^3+20x+20x^{-1}+10x^{-3}+2x^{-5}
0
0
x^11+6x^9+17x^7+31x^5+42x^3+47x+47x^{-1}+42x^{-3}+31x^{-5}+17x^{-7}+6x^{-9}+x^{-11}

#324 [ 1, 2, 1, 2, 3, 2, 1, 4, 3, 2, 1 ]

0
0
0
0
0
x^7+7x^5+18x^3+26x+26x^{-1}+18x^{-3}+7x^{-5}+x^{-7}
2x^5+8x^3+14x+14x^{-1}+8x^{-3}+2x^{-5}
0
0
x^11+4x^9+10x^7+18x^5+24x^3+27x+27x^{-1}+24x^{-3}+18x^{-5}+10x^{-7}+4x^{-9}+x^{-11}

#328 [ 1, 2, 1, 3, 2, 1, 2, 4, 3, 2, 1 ]

0
0
0
0
0
2x^7+9x^5+19x^3+26x+26x^{-1}+19x^{-3}+9x^{-5}+2x^{-7}
0
x^5+4x^3+7x+7x^{-1}+4x^{-3}+x^{-5}
0
x^11+4x^9+9x^7+15x^5+19x^3+20x+20x^{-1}+19x^{-3}+15x^{-5}+9x^{-7}+4x^{-9}+x^{-11}

#331 [ 3, 2, 1, 2, 3, 4, 3, 2, 1, 2, 3, 4 ]

0
0
2x^4+6x^2+8+6x^{-2}+2x^{-4}
0
0
4x^8+17x^6+38x^4+58x^2+66+58x^{-2}+38x^{-4}+17x^{-6}+4x^{-8}
2x^4+6x^2+8+6x^{-2}+2x^{-4}
0
0
x^12+5x^10+13x^8+23x^6+31x^4+35x^2+36+35x^{-2}+31x^{-4}+23x^{-6}+13x^{-8}+5x^{-10}+x^{-12}

#332 [ 2, 1, 2, 3, 2, 1, 2, 4, 3, 2, 1, 2 ]

0
0
0
0
0
2x^8+17x^6+53x^4+92x^2+108+92x^{-2}+53x^{-4}+17x^{-6}+2x^{-8}
4x^4+14x^2+20+14x^{-2}+4x^{-4}
2x^4+8x^2+12+8x^{-2}+2x^{-4}
x^4+3x^2+4+3x^{-2}+x^{-4}
x^12+6x^10+20x^8+44x^6+68x^4+81x^2+84+81x^{-2}+68x^{-4}+44x^{-6}+20x^{-8}+6x^{-10}+x^{-12}

#333 [ 2, 3, 2, 1, 2, 3, 4, 3, 2, 1, 2, 3 ]

0
0
0
0
0
2x^8+11x^6+28x^4+46x^2+54+46x^{-2}+28x^{-4}+11x^{-6}+2x^{-8}
x^6+5x^4+11x^2+14+11x^{-2}+5x^{-4}+x^{-6}
0
0
x^12+5x^10+13x^8+23x^6+31x^4+35x^2+36+35x^{-2}+31x^{-4}+23x^{-6}+13x^{-8}+5x^{-10}+x^{-12}

#334 [ 2, 1, 2, 3, 2, 4, 3, 2, 1, 2, 3, 4 ]

0
0
0
0
0
2x^8+11x^6+28x^4+46x^2+54+46x^{-2}+28x^{-4}+11x^{-6}+2x^{-8}
2x^4+6x^2+8+6x^{-2}+2x^{-4}
0
0
x^12+5x^10+13x^8+23x^6+31x^4+35x^2+36+35x^{-2}+31x^{-4}+23x^{-6}+13x^{-8}+5x^{-10}+x^{-12}

#335 [ 2, 1, 2, 3, 2, 1, 2, 3, 4, 3, 2, 1 ]

0
0
0
0
0
6x^6+22x^4+40x^2+48+40x^{-2}+22x^{-4}+6x^{-6}
2x^4+8x^2+12+8x^{-2}+2x^{-4}
0
0
x^12+5x^10+14x^8+27x^6+39x^4+46x^2+48+46x^{-2}+39x^{-4}+27x^{-6}+14x^{-8}+5x^{-10}+x^{-12}

#336 [ 2, 1, 2, 3, 2, 1, 4, 3, 2, 1, 2, 3 ]

0
0
0
0
0
9x^6+35x^4+65x^2+78+65x^{-2}+35x^{-4}+9x^{-6}
4x^4+16x^2+24+16x^{-2}+4x^{-4}
0
0
x^12+6x^10+19x^8+39x^6+58x^4+69x^2+72+69x^{-2}+58x^{-4}+39x^{-6}+19x^{-8}+6x^{-10}+x^{-12}

#339 [ 2, 1, 3, 2, 1, 4, 3, 2, 1, 2, 3, 4 ]

0
0
0
0
0
2x^8+17x^6+54x^4+95x^2+112+95x^{-2}+54x^{-4}+17x^{-6}+2x^{-8}
4x^4+16x^2+24+16x^{-2}+4x^{-4}
x^4+4x^2+6+4x^{-2}+x^{-4}
0
x^12+7x^10+23x^8+48x^6+72x^4+85x^2+88+85x^{-2}+72x^{-4}+48x^{-6}+23x^{-8}+7x^{-10}+x^{-12}

#340 [ 2, 1, 3, 2, 1, 2, 4, 3, 2, 1, 2, 3 ]

0
0
0
0
0
3x^6+9x^4+15x^2+18+15x^{-2}+9x^{-4}+3x^{-6}
0
0
0
x^12+4x^10+9x^8+15x^6+20x^4+23x^2+24+23x^{-2}+20x^{-4}+15x^{-6}+9x^{-8}+4x^{-10}+x^{-12}

#341 [ 1, 3, 2, 1, 2, 3, 4, 3, 2, 1, 2, 3 ]

0
0
0
0
0
4x^8+20x^6+49x^4+80x^2+94+80x^{-2}+49x^{-4}+20x^{-6}+4x^{-8}
2x^4+8x^2+12+8x^{-2}+2x^{-4}
0
0
x^12+7x^10+21x^8+40x^6+58x^4+69x^2+72+69x^{-2}+58x^{-4}+40x^{-6}+21x^{-8}+7x^{-10}+x^{-12}

#342 [ 1, 3, 2, 1, 2, 4, 3, 2, 1, 2, 3, 4 ]

0
0
0
0
0
2x^8+9x^6+20x^4+31x^2+36+31x^{-2}+20x^{-4}+9x^{-6}+2x^{-8}
0
0
0
x^12+5x^10+12x^8+20x^6+27x^4+31x^2+32+31x^{-2}+27x^{-4}+20x^{-6}+12x^{-8}+5x^{-10}+x^{-12}

#345 [ 1, 2, 1, 2, 3, 2, 1, 2, 4, 3, 2, 1 ]

0
0
0
0
0
3x^6+11x^4+19x^2+22+19x^{-2}+11x^{-4}+3x^{-6}
0
x^4+3x^2+4+3x^{-2}+x^{-4}
0
x^12+4x^10+9x^8+16x^6+22x^4+25x^2+26+25x^{-2}+22x^{-4}+16x^{-6}+9x^{-8}+4x^{-10}+x^{-12}

#348 [ 1, 2, 1, 3, 2, 1, 2, 3, 4, 3, 2, 1 ]

0
0
0
0
0
6x^6+24x^4+44x^2+52+44x^{-2}+24x^{-4}+6x^{-6}
2x^4+8x^2+12+8x^{-2}+2x^{-4}
x^4+3x^2+4+3x^{-2}+x^{-4}
0
x^12+5x^10+14x^8+28x^6+41x^4+48x^2+50+48x^{-2}+41x^{-4}+28x^{-6}+14x^{-8}+5x^{-10}+x^{-12}

#350 [ 1, 2, 3, 2, 1, 4, 3, 2, 1, 2, 3, 4 ]

0
0
0
0
0
3x^8+15x^6+37x^4+60x^2+70+60x^{-2}+37x^{-4}+15x^{-6}+3x^{-8}
x^6+5x^4+11x^2+14+11x^{-2}+5x^{-4}+x^{-6}
0
0
x^12+6x^10+17x^8+32x^6+46x^4+55x^2+58+55x^{-2}+46x^{-4}+32x^{-6}+17x^{-8}+6x^{-10}+x^{-12}

#351 [ 1, 2, 1, 2, 3, 2, 1, 4, 3, 2, 1, 2 ]

0
0
0
0
0
x^8+5x^6+12x^4+19x^2+22+19x^{-2}+12x^{-4}+5x^{-6}+x^{-8}
2x^6+8x^4+14x^2+16+14x^{-2}+8x^{-4}+2x^{-6}
0
0
x^12+4x^10+9x^8+16x^6+23x^4+28x^2+30+28x^{-2}+23x^{-4}+16x^{-6}+9x^{-8}+4x^{-10}+x^{-12}

#355 [ 2, 1, 2, 3, 2, 1, 2, 3, 4, 3, 2, 1, 2 ]

0
0
0
0
0
4x^7+19x^5+43x^3+61x+61x^{-1}+43x^{-3}+19x^{-5}+4x^{-7}
x^5+6x^3+13x+13x^{-1}+6x^{-3}+x^{-5}
0
0
x^13+5x^11+15x^9+32x^7+52x^5+68x^3+76x+76x^{-1}+68x^{-3}+52x^{-5}+32x^{-7}+15x^{-9}+5x^{-11}+x^{-13}

#357 [ 2, 3, 2, 1, 2, 3, 4, 3, 2, 1, 2, 3, 4 ]

0
0
0
0
0
2x^9+8x^7+18x^5+30x^3+38x+38x^{-1}+30x^{-3}+18x^{-5}+8x^{-7}+2x^{-9}
0
0
0
x^13+4x^11+9x^9+15x^7+20x^5+23x^3+24x+24x^{-1}+23x^{-3}+20x^{-5}+15x^{-7}+9x^{-9}+4x^{-11}+x^{-13}

#358 [ 2, 1, 3, 2, 1, 2, 3, 4, 3, 2, 1, 2, 3 ]

0
0
0
0
0
6x^7+28x^5+62x^3+88x+88x^{-1}+62x^{-3}+28x^{-5}+6x^{-7}
2x^5+10x^3+20x+20x^{-1}+10x^{-3}+2x^{-5}
0
0
x^13+6x^11+19x^9+41x^7+66x^5+85x^3+94x+94x^{-1}+85x^{-3}+66x^{-5}+41x^{-7}+19x^{-9}+6x^{-11}+x^{-13}

#359 [ 2, 1, 2, 3, 2, 1, 4, 3, 2, 1, 2, 3, 4 ]

0
0
0
0
0
6x^7+27x^5+59x^3+83x+83x^{-1}+59x^{-3}+27x^{-5}+6x^{-7}
x^5+6x^3+13x+13x^{-1}+6x^{-3}+x^{-5}
0
0
x^13+6x^11+19x^9+40x^7+63x^5+80x^3+88x+88x^{-1}+80x^{-3}+63x^{-5}+40x^{-7}+19x^{-9}+6x^{-11}+x^{-13}

#360 [ 2, 1, 3, 2, 1, 2, 4, 3, 2, 1, 2, 3, 4 ]

0
0
0
0
0
3x^7+12x^5+24x^3+33x+33x^{-1}+24x^{-3}+12x^{-5}+3x^{-7}
0
0
0
x^13+5x^11+13x^9+24x^7+35x^5+43x^3+47x+47x^{-1}+43x^{-3}+35x^{-5}+24x^{-7}+13x^{-9}+5x^{-11}+x^{-13}

#361 [ 1, 3, 2, 1, 2, 3, 4, 3, 2, 1, 2, 3, 4 ]

0
0
0
0
0
2x^9+9x^7+22x^5+38x^3+49x+49x^{-1}+38x^{-3}+22x^{-5}+9x^{-7}+2x^{-9}
0
0
0
x^13+5x^11+13x^9+24x^7+35x^5+43x^3+47x+47x^{-1}+43x^{-3}+35x^{-5}+24x^{-7}+13x^{-9}+5x^{-11}+x^{-13}

#362 [ 1, 2, 1, 2, 3, 2, 1, 2, 4, 3, 2, 1, 2 ]

0
0
0
0
0
x^7+5x^5+11x^3+15x+15x^{-1}+11x^{-3}+5x^{-5}+x^{-7}
0
x^5+3x^3+4x+4x^{-1}+3x^{-3}+x^{-5}
0
x^13+4x^11+9x^9+16x^7+23x^5+28x^3+31x+31x^{-1}+28x^{-3}+23x^{-5}+16x^{-7}+9x^{-9}+4x^{-11}+x^{-13}

#365 [ 1, 2, 1, 2, 3, 2, 1, 2, 3, 4, 3, 2, 1 ]

0
0
0
0
0
x^7+5x^5+11x^3+15x+15x^{-1}+11x^{-3}+5x^{-5}+x^{-7}
0
0
0
x^13+4x^11+9x^9+16x^7+23x^5+28x^3+31x+31x^{-1}+28x^{-3}+23x^{-5}+16x^{-7}+9x^{-9}+4x^{-11}+x^{-13}

#366 [ 1, 2, 1, 2, 3, 2, 1, 4, 3, 2, 1, 2, 3 ]

0
0
0
0
0
2x^7+12x^5+29x^3+41x+41x^{-1}+29x^{-3}+12x^{-5}+2x^{-7}
2x^5+8x^3+14x+14x^{-1}+8x^{-3}+2x^{-5}
0
0
x^13+5x^11+13x^9+26x^7+41x^5+52x^3+58x+58x^{-1}+52x^{-3}+41x^{-5}+26x^{-7}+13x^{-9}+5x^{-11}+x^{-13}

#367 [ 1, 2, 1, 3, 2, 1, 4, 3, 2, 1, 2, 3, 4 ]

0
0
0
0
0
6x^7+30x^5+68x^3+96x+96x^{-1}+68x^{-3}+30x^{-5}+6x^{-7}
2x^5+10x^3+20x+20x^{-1}+10x^{-3}+2x^{-5}
x^5+4x^3+7x+7x^{-1}+4x^{-3}+x^{-5}
0
x^13+6x^11+19x^9+42x^7+69x^5+89x^3+98x+98x^{-1}+89x^{-3}+69x^{-5}+42x^{-7}+19x^{-9}+6x^{-11}+x^{-13}

#371 [ 2, 1, 2, 3, 2, 1, 2, 3, 4, 3, 2, 1, 2, 3 ]

0
0
0
0
0
4x^8+14x^6+31x^4+49x^2+56+49x^{-2}+31x^{-4}+14x^{-6}+4x^{-8}
x^6+5x^4+11x^2+14+11x^{-2}+5x^{-4}+x^{-6}
0
0
x^14+4x^12+11x^10+24x^8+42x^6+61x^4+75x^2+80+75x^{-2}+61x^{-4}+42x^{-6}+24x^{-8}+11x^{-10}+4x^{-12}+x^{-14}

#372 [ 2, 1, 2, 3, 2, 1, 2, 4, 3, 2, 1, 2, 3, 4 ]

0
0
0
0
0
4x^8+22x^6+58x^4+96x^2+112+96x^{-2}+58x^{-4}+22x^{-6}+4x^{-8}
x^6+5x^4+13x^2+18+13x^{-2}+5x^{-4}+x^{-6}
0
0
x^14+6x^12+20x^10+46x^8+80x^6+112x^4+133x^2+140+133x^{-2}+112x^{-4}+80x^{-6}+46x^{-8}+20x^{-10}+6x^{-12}+x^{-14}

#373 [ 2, 1, 3, 2, 1, 2, 3, 4, 3, 2, 1, 2, 3, 4 ]

0
0
0
0
0
3x^8+12x^6+27x^4+42x^2+48+42x^{-2}+27x^{-4}+12x^{-6}+3x^{-8}
0
0
0
x^14+5x^12+14x^10+28x^8+44x^6+58x^4+67x^2+70+67x^{-2}+58x^{-4}+44x^{-6}+28x^{-8}+14x^{-10}+5x^{-12}+x^{-14}

#374 [ 1, 2, 1, 2, 3, 2, 1, 2, 3, 4, 3, 2, 1, 2 ]

0
0
0
0
0
x^8+3x^6+7x^4+11x^2+12+11x^{-2}+7x^{-4}+3x^{-6}+x^{-8}
0
0
0
x^14+4x^12+9x^10+16x^8+24x^6+31x^4+36x^2+38+36x^{-2}+31x^{-4}+24x^{-6}+16x^{-8}+9x^{-10}+4x^{-12}+x^{-14}

#376 [ 1, 2, 1, 3, 2, 1, 2, 3, 4, 3, 2, 1, 2, 3 ]

0
0
0
0
0
2x^8+14x^6+41x^4+70x^2+82+70x^{-2}+41x^{-4}+14x^{-6}+2x^{-8}
2x^6+10x^4+22x^2+28+22x^{-2}+10x^{-4}+2x^{-6}
0
0
x^14+6x^12+18x^10+39x^8+67x^6+93x^4+110x^2+116+110x^{-2}+93x^{-4}+67x^{-6}+39x^{-8}+18x^{-10}+6x^{-12}+x^{-14}

#378 [ 1, 2, 1, 2, 3, 2, 1, 4, 3, 2, 1, 2, 3, 4 ]

0
0
0
0
0
x^8+6x^6+16x^4+26x^2+30+26x^{-2}+16x^{-4}+6x^{-6}+x^{-8}
0
0
0
x^14+5x^12+13x^10+25x^8+39x^6+51x^4+59x^2+62+59x^{-2}+51x^{-4}+39x^{-6}+25x^{-8}+13x^{-10}+5x^{-12}+x^{-14}

#380 [ 2, 1, 2, 3, 2, 1, 2, 3, 4, 3, 2, 1, 2, 3, 4 ]

0
0
0
0
0
x^9+4x^7+9x^5+15x^3+19x+19x^{-1}+15x^{-3}+9x^{-5}+4x^{-7}+x^{-9}
0
0
0
x^15+4x^13+10x^11+20x^9+33x^7+47x^5+59x^3+66x+66x^{-1}+59x^{-3}+47x^{-5}+33x^{-7}+20x^{-9}+10x^{-11}+4x^{-13}+x^{-15}

#381 [ 1, 2, 1, 2, 3, 2, 1, 2, 3, 4, 3, 2, 1, 2, 3 ]

0
0
0
0
0
x^9+3x^7+5x^5+7x^3+8x+8x^{-1}+7x^{-3}+5x^{-5}+3x^{-7}+x^{-9}
0
0
0
x^15+4x^13+9x^11+16x^9+24x^7+32x^5+39x^3+43x+43x^{-1}+39x^{-3}+32x^{-5}+24x^{-7}+16x^{-9}+9x^{-11}+4x^{-13}+x^{-15}

#382 [ 1, 2, 1, 2, 3, 2, 1, 2, 4, 3, 2, 1, 2, 3, 4 ]

0
0
0
0
0
x^9+4x^7+10x^5+18x^3+23x+23x^{-1}+18x^{-3}+10x^{-5}+4x^{-7}+x^{-9}
0
0
0
x^15+5x^13+13x^11+25x^9+40x^7+55x^5+67x^3+74x+74x^{-1}+67x^{-3}+55x^{-5}+40x^{-7}+25x^{-9}+13x^{-11}+5x^{-13}+x^{-15}

#383 [ 1, 2, 1, 3, 2, 1, 2, 3, 4, 3, 2, 1, 2, 3, 4 ]

0
0
0
0
0
x^9+6x^7+17x^5+31x^3+41x+41x^{-1}+31x^{-3}+17x^{-5}+6x^{-7}+x^{-9}
0
0
0
x^15+5x^13+14x^11+29x^9+48x^7+67x^5+82x^3+90x+90x^{-1}+82x^{-3}+67x^{-5}+48x^{-7}+29x^{-9}+14x^{-11}+5x^{-13}+x^{-15}

#384 [ 1, 2, 1, 2, 3, 2, 1, 2, 3, 4, 3, 2, 1, 2, 3, 4 ]

0
0
0
0
0
0
0
0
0
x^16+4x^14+9x^12+16x^10+24x^8+32x^6+39x^4+44x^2+46+44x^{-2}+39x^{-4}+32x^{-6}+24x^{-8}+16x^{-10}+9x^{-12}+4x^{-14}+x^{-16}

